logz logzerr logvol nlive logl logwt insert_order
-inf nan 0.000000000000000000e+00 4.000000000000000000e+02 -9.999999999999999673e+98 -9.999999999999999673e+98 nan
-9.999999999999999673e+98 1.214168057641080669e+83 -2.503130218118530294e-03 3.990000000000000000e+02 -9.999999999999999673e+98 -9.999999999999999673e+98 nan
-9.999999999999999673e+98 1.214168057641080669e+83 -5.012541823544281946e-03 3.980000000000000000e+02 -9.999999999999999673e+98 -9.999999999999999673e+98 nan
-9.999999999999999673e+98 1.214168057641080669e+83 -7.528266420791573932e-03 3.970000000000000000e+02 -9.999999999999999673e+98 -9.999999999999999673e+98 nan
-9.999999999999999673e+98 1.214168057641080669e+83 -1.005033585350144018e-02 3.960000000000000000e+02 -9.999999999999999673e+98 -9.999999999999999673e+98 nan
-9.999999999999999673e+98 1.214168057641080669e+83 -1.257878220686011773e-02 3.950000000000000000e+02 -9.999999999999999673e+98 -9.999999999999999673e+98 nan
-9.999999999999999673e+98 1.214168057641080669e+83 -1.511363781004817011e-02 3.940000000000000000e+02 -9.999999999999999673e+98 -9.999999999999999673e+98 nan
-9.999999999999999673e+98 1.214168057641080669e+83 -1.765493523872075157e-02 3.930000000000000000e+02 -9.999999999999999673e+98 -9.999999999999999673e+98 nan
-9.999999999999999673e+98 1.214168057641080669e+83 -2.020270731751944854e-02 3.920000000000000000e+02 -9.999999999999999673e+98 -9.999999999999999673e+98 nan
-9.999999999999999673e+98 1.214168057641080669e+83 -2.275698712261621515e-02 3.910000000000000000e+02 -9.999999999999999673e+98 -9.999999999999999673e+98 nan
-9.999999999999999673e+98 1.214168057641080669e+83 -2.531780798428987650e-02 3.900000000000000000e+02 -9.999999999999999673e+98 -9.999999999999999673e+98 nan
-9.999999999999999673e+98 1.214168057641080669e+83 -2.788520348953569400e-02 3.890000000000000000e+02 -9.999999999999999673e+98 -9.999999999999999673e+98 nan
-9.999999999999999673e+98 1.214168057641080669e+83 -3.045920748470854617e-02 3.880000000000000000e+02 -9.999999999999999673e+98 -9.999999999999999673e+98 nan
-9.999999999999999673e+98 1.214168057641080669e+83 -3.303985407820018289e-02 3.870000000000000000e+02 -9.999999999999999673e+98 -9.999999999999999673e+98 nan
-9.999999999999999673e+98 1.214168057641080669e+83 -3.562717764315112556e-02 3.860000000000000000e+02 -9.999999999999999673e+98 -9.999999999999999673e+98 nan
-9.999999999999999673e+98 1.214168057641080669e+83 -3.822121282019776134e-02 3.850000000000000000e+02 -9.999999999999999673e+98 -9.999999999999999673e+98 nan
-9.999999999999999673e+98 1.214168057641080669e+83 -4.082199452025513098e-02 3.840000000000000000e+02 -9.999999999999999673e+98 -9.999999999999999673e+98 nan
-9.999999999999999673e+98 1.214168057641080669e+83 -4.342955792733600023e-02 3.830000000000000000e+02 -9.999999999999999673e+98 -9.999999999999999673e+98 nan
-9.999999999999999673e+98 1.214168057641080669e+83 -4.604393850140681144e-02 3.820000000000000000e+02 -9.999999999999999673e+98 -9.999999999999999673e+98 nan
-9.999999999999999673e+98 1.214168057641080669e+83 -4.866517198128102878e-02 3.810000000000000000e+02 -9.999999999999999673e+98 -9.999999999999999673e+98 nan
-9.999999999999999673e+98 1.214168057641080669e+83 -5.129329438755053650e-02 3.800000000000000000e+02 -9.999999999999999673e+98 -9.999999999999999673e+98 nan
-9.999999999999999673e+98 1.214168057641080669e+83 -5.392834202555564505e-02 3.790000000000000000e+02 -9.999999999999999673e+98 -9.999999999999999673e+98 nan
-9.999999999999999673e+98 1.214168057641080669e+83 -5.657035148839430205e-02 3.780000000000000000e+02 -9.999999999999999673e+98 -9.999999999999999673e+98 nan
-9.999999999999999673e+98 1.214168057641080669e+83 -5.921935965997122964e-02 3.770000000000000000e+02 -9.999999999999999673e+98 -9.999999999999999673e+98 nan
-9.999999999999999673e+98 1.214168057641080669e+83 -6.187540371808748080e-02 3.760000000000000000e+02 -9.999999999999999673e+98 -9.999999999999999673e+98 nan
-9.999999999999999673e+98 1.214168057641080669e+83 -6.453852113757117814e-02 3.750000000000000000e+02 -9.999999999999999673e+98 -9.999999999999999673e+98 nan
-9.999999999999999673e+98 1.214168057641080669e+83 -6.720874969345005945e-02 3.740000000000000000e+02 -9.999999999999999673e+98 -9.999999999999999673e+98 nan
-9.999999999999999673e+98 1.214168057641080669e+83 -6.988612746416644761e-02 3.730000000000000000e+02 -9.999999999999999673e+98 -9.999999999999999673e+98 nan
-9.999999999999999673e+98 1.214168057641080669e+83 -7.257069283483542910e-02 3.720000000000000000e+02 -9.999999999999999673e+98 -9.999999999999999673e+98 nan
-9.999999999999999673e+98 1.214168057641080669e+83 -7.526248450054684458e-02 3.710000000000000000e+02 -9.999999999999999673e+98 -9.999999999999999673e+98 nan
-9.999999999999999673e+98 1.214168057641080669e+83 -7.796154146971186194e-02 3.700000000000000000e+02 -9.999999999999999673e+98 -9.999999999999999673e+98 nan
-9.999999999999999673e+98 1.214168057641080669e+83 -8.066790306745480477e-02 3.690000000000000000e+02 -9.999999999999999673e+98 -9.999999999999999673e+98 nan
-9.999999999999999673e+98 1.214168057641080669e+83 -8.338160893905106896e-02 3.680000000000000000e+02 -9.999999999999999673e+98 -9.999999999999999673e+98 nan
-9.999999999999999673e+98 1.214168057641080669e+83 -8.610269905341172425e-02 3.670000000000000000e+02 -9.999999999999999673e+98 -9.999999999999999673e+98 nan
-9.999999999999999673e+98 1.214168057641080669e+83 -8.883121370661574423e-02 3.660000000000000000e+02 -9.999999999999999673e+98 -9.999999999999999673e+98 nan
-9.999999999999999673e+98 1.214168057641080669e+83 -9.156719352549048951e-02 3.650000000000000000e+02 -9.999999999999999673e+98 -9.999999999999999673e+98 nan
-9.999999999999999673e+98 1.214168057641080669e+83 -9.431067947124133211e-02 3.640000000000000000e+02 -9.999999999999999673e+98 -9.999999999999999673e+98 nan
-9.999999999999999673e+98 1.214168057641080669e+83 -9.706171284313121206e-02 3.630000000000000000e+02 -9.999999999999999673e+98 -9.999999999999999673e+98 nan
-9.999999999999999673e+98 1.214168057641080669e+83 -9.982033528221093133e-02 3.620000000000000000e+02 -9.999999999999999673e+98 -9.999999999999999673e+98 nan
-9.999999999999999673e+98 1.214168057641080669e+83 -1.025865887751010730e-01 3.610000000000000000e+02 -9.999999999999999673e+98 -9.999999999999999673e+98 nan
-9.999999999999999673e+98 1.214168057641080669e+83 -1.053605156578263091e-01 3.600000000000000000e+02 -9.999999999999999673e+98 -9.999999999999999673e+98 nan
-9.999999999999999673e+98 1.214168057641080669e+83 -1.081421586197031243e-01 3.590000000000000000e+02 -9.999999999999999673e+98 -9.999999999999999673e+98 nan
-9.999999999999999673e+98 1.214168057641080669e+83 -1.109315607072816900e-01 3.580000000000000000e+02 -9.999999999999999673e+98 -9.999999999999999673e+98 nan
-9.999999999999999673e+98 1.214168057641080669e+83 -1.137287653283429179e-01 3.570000000000000000e+02 -9.999999999999999673e+98 -9.999999999999999673e+98 nan
-9.999999999999999673e+98 1.214168057641080669e+83 -1.165338162559515361e-01 3.560000000000000000e+02 -9.999999999999999673e+98 -9.999999999999999673e+98 nan
-9.999999999999999673e+98 1.214168057641080669e+83 -1.193467576325661916e-01 3.550000000000000000e+02 -9.999999999999999673e+98 -9.999999999999999673e+98 nan
-9.999999999999999673e+98 1.214168057641080669e+83 -1.221676339742075318e-01 3.540000000000000000e+02 -9.999999999999999673e+98 -9.999999999999999673e+98 nan
-9.999999999999999673e+98 1.214168057641080669e+83 -1.249964901746852125e-01 3.530000000000000000e+02 -9.999999999999999673e+98 -9.999999999999999673e+98 nan
-9.999999999999999673e+98 1.214168057641080669e+83 -1.278333715098848855e-01 3.520000000000000000e+02 -9.999999999999999673e+98 -9.999999999999999673e+98 nan
-9.999999999999999673e+98 1.214168057641080669e+83 -1.306783236421161787e-01 3.510000000000000000e+02 -9.999999999999999673e+98 -9.999999999999999673e+98 nan
-9.999999999999999673e+98 1.214168057641080669e+83 -1.335313926245226268e-01 3.500000000000000000e+02 -9.999999999999999673e+98 -9.999999999999999673e+98 nan
-9.999999999999999673e+98 1.214168057641080669e+83 -1.363926249055548157e-01 3.490000000000000000e+02 -9.999999999999999673e+98 -9.999999999999999673e+98 nan
-9.999999999999999673e+98 1.214168057641080669e+83 -1.392620673335076553e-01 3.480000000000000000e+02 -9.999999999999999673e+98 -9.999999999999999673e+98 nan
-9.999999999999999673e+98 1.214168057641080669e+83 -1.421397671611228097e-01 3.470000000000000000e+02 -9.999999999999999673e+98 -9.999999999999999673e+98 nan
-9.999999999999999673e+98 1.214168057641080669e+83 -1.450257720502577397e-01 3.460000000000000000e+02 -9.999999999999999673e+98 -9.999999999999999673e+98 nan
-9.999999999999999673e+98 1.214168057641080669e+83 -1.479201300766222471e-01 3.450000000000000000e+02 -9.999999999999999673e+98 -9.999999999999999673e+98 nan
-9.999999999999999673e+98 1.214168057641080669e+83 -1.508228897345836594e-01 3.440000000000000000e+02 -9.999999999999999673e+98 -9.999999999999999673e+98 nan
-9.999999999999999673e+98 1.214168057641080669e+83 -1.537340999420420962e-01 3.430000000000000000e+02 -9.999999999999999673e+98 -9.999999999999999673e+98 nan
-9.999999999999999673e+98 1.214168057641080669e+83 -1.566538100453768456e-01 3.420000000000000000e+02 -9.999999999999999673e+98 -9.999999999999999673e+98 nan
-9.999999999999999673e+98 1.214168057641080669e+83 -1.595820698244652114e-01 3.410000000000000000e+02 -9.999999999999999673e+98 -9.999999999999999673e+98 nan
-9.999999999999999673e+98 1.214168057641080669e+83 -1.625189294977749388e-01 3.400000000000000000e+02 -9.999999999999999673e+98 -9.999999999999999673e+98 nan
-9.999999999999999673e+98 1.214168057641080669e+83 -1.654644397275317480e-01 3.390000000000000000e+02 -9.999999999999999673e+98 -9.999999999999999673e+98 nan
-9.999999999999999673e+98 1.214168057641080669e+83 -1.684186516249632226e-01 3.380000000000000000e+02 -9.999999999999999673e+98 -9.999999999999999673e+98 nan
-9.999999999999999673e+98 1.214168057641080669e+83 -1.713816167556202752e-01 3.370000000000000000e+02 -9.999999999999999673e+98 -9.999999999999999673e+98 nan
-9.999999999999999673e+98 1.214168057641080669e+83 -1.743533871447777717e-01 3.360000000000000000e+02 -9.999999999999999673e+98 -9.999999999999999673e+98 nan
-9.999999999999999673e+98 1.214168057641080669e+83 -1.773340152829155636e-01 3.350000000000000000e+02 -9.999999999999999673e+98 -9.999999999999999673e+98 nan
-9.999999999999999673e+98 1.214168057641080669e+83 -1.803235541312815937e-01 3.340000000000000000e+02 -9.999999999999999673e+98 -9.999999999999999673e+98 nan
-9.999999999999999673e+98 1.214168057641080669e+83 -1.833220571275381849e-01 3.330000000000000000e+02 -9.999999999999999673e+98 -9.999999999999999673e+98 nan
-9.999999999999999673e+98 1.214168057641080669e+83 -1.863295781914934834e-01 3.320000000000000000e+02 -9.999999999999999673e+98 -9.999999999999999673e+98 nan
-9.999999999999999673e+98 1.214168057641080669e+83 -1.893461717309191383e-01 3.310000000000000000e+02 -9.999999999999999673e+98 -9.999999999999999673e+98 nan
-9.999999999999999673e+98 1.214168057641080669e+83 -1.923718926474561330e-01 3.300000000000000000e+02 -9.999999999999999673e+98 -9.999999999999999673e+98 nan
-9.999999999999999673e+98 1.214168057641080669e+83 -1.954067963426101562e-01 3.290000000000000000e+02 -9.999999999999999673e+98 -9.999999999999999673e+98 nan
-9.999999999999999673e+98 1.214168057641080669e+83 -1.984509387238383160e-01 3.280000000000000000e+02 -9.999999999999999673e+98 -9.999999999999999673e+98 nan
-9.999999999999999673e+98 1.214168057641080669e+83 -2.015043762107286696e-01 3.270000000000000000e+02 -9.999999999999999673e+98 -9.999999999999999673e+98 nan
-9.999999999999999673e+98 1.214168057641080669e+83 -2.045671657412744260e-01 3.260000000000000000e+02 -9.999999999999999673e+98 -9.999999999999999673e+98 nan
-9.999999999999999673e+98 1.214168057641080669e+83 -2.076393647782445728e-01 3.250000000000000000e+02 -9.999999999999999673e+98 -9.999999999999999673e+98 nan
-9.999999999999999673e+98 1.214168057641080669e+83 -2.107210313156526738e-01 3.240000000000000000e+02 -9.999999999999999673e+98 -9.999999999999999673e+98 nan
-9.999999999999999673e+98 1.214168057641080669e+83 -2.138122238853255308e-01 3.230000000000000000e+02 -9.999999999999999673e+98 -9.999999999999999673e+98 nan
-9.999999999999999673e+98 1.214168057641080669e+83 -2.169130015635737652e-01 3.220000000000000000e+02 -9.999999999999999673e+98 -9.999999999999999673e+98 nan
-9.999999999999999673e+98 1.214168057641080669e+83 -2.200234239779662038e-01 3.210000000000000000e+02 -9.999999999999999673e+98 -9.999999999999999673e+98 nan
-9.999999999999999673e+98 1.214168057641080669e+83 -2.231435513142098481e-01 3.200000000000000000e+02 -9.999999999999999673e+98 -9.999999999999999673e+98 nan
-9.999999999999999673e+98 1.214168057641080669e+83 -2.262734443231375070e-01 3.190000000000000000e+02 -9.999999999999999673e+98 -9.999999999999999673e+98 nan
-9.999999999999999673e+98 1.214168057641080669e+83 -2.294131643278052302e-01 3.180000000000000000e+02 -9.999999999999999673e+98 -9.999999999999999673e+98 nan
-9.999999999999999673e+98 1.214168057641080669e+83 -2.325627732307014583e-01 3.170000000000000000e+02 -9.999999999999999673e+98 -9.999999999999999673e+98 nan
-9.999999999999999673e+98 1.214168057641080669e+83 -2.357223335210699711e-01 3.160000000000000000e+02 -9.999999999999999673e+98 -9.999999999999999673e+98 nan
-9.999999999999999673e+98 1.214168057641080669e+83 -2.388919082823490192e-01 3.150000000000000000e+02 -9.999999999999999673e+98 -9.999999999999999673e+98 nan
-9.999999999999999673e+98 1.214168057641080669e+83 -2.420715611997287242e-01 3.140000000000000000e+02 -9.999999999999999673e+98 -9.999999999999999673e+98 nan
-9.999999999999999673e+98 1.214168057641080669e+83 -2.452613565678288809e-01 3.130000000000000000e+02 -9.999999999999999673e+98 -9.999999999999999673e+98 nan
-9.999999999999999673e+98 1.214168057641080669e+83 -2.484613592984997454e-01 3.120000000000000000e+02 -9.999999999999999673e+98 -9.999999999999999673e+98 nan
-9.999999999999999673e+98 1.214168057641080669e+83 -2.516716349287479448e-01 3.110000000000000000e+02 -9.999999999999999673e+98 -9.999999999999999673e+98 nan
-9.999999999999999673e+98 1.214168057641080669e+83 -2.548922496287901462e-01 3.100000000000000000e+02 -9.999999999999999673e+98 -9.999999999999999673e+98 nan
-9.999999999999999673e+98 1.214168057641080669e+83 -2.581232702102366217e-01 3.090000000000000000e+02 -9.999999999999999673e+98 -9.999999999999999673e+98 nan
-9.999999999999999673e+98 1.214168057641080669e+83 -2.613647641344076233e-01 3.080000000000000000e+02 -9.999999999999999673e+98 -9.999999999999999673e+98 nan
-9.999999999999999673e+98 1.214168057641080669e+83 -2.646167995207849288e-01 3.070000000000000000e+02 -9.999999999999999673e+98 -9.999999999999999673e+98 nan
-9.999999999999999673e+98 1.214168057641080669e+83 -2.678794451556013034e-01 3.060000000000000000e+02 -9.999999999999999673e+98 -9.999999999999999673e+98 nan
-9.999999999999999673e+98 1.214168057641080669e+83 -2.711527705005704614e-01 3.050000000000000000e+02 -9.999999999999999673e+98 -9.999999999999999673e+98 nan
-9.999999999999999673e+98 1.214168057641080669e+83 -2.744368457017604124e-01 3.040000000000000000e+02 -9.999999999999999673e+98 -9.999999999999999673e+98 nan
-9.999999999999999673e+98 1.214168057641080669e+83 -2.777317415986129689e-01 3.030000000000000000e+02 -9.999999999999999673e+98 -9.999999999999999673e+98 nan
-9.999999999999999673e+98 1.214168057641080669e+83 -2.810375297331124678e-01 3.020000000000000000e+02 -9.999999999999999673e+98 -9.999999999999999673e+98 nan
-9.999999999999999673e+98 1.214168057641080669e+83 -2.843542823591063695e-01 3.010000000000000000e+02 -9.999999999999999673e+98 -9.999999999999999673e+98 nan
-9.999999999999999673e+98 1.214168057641080669e+83 -2.876820724517810124e-01 3.000000000000000000e+02 -9.999999999999999673e+98 -9.999999999999999673e+98 nan
-9.999999999999999673e+98 1.214168057641080669e+83 -2.910209737172956279e-01 2.990000000000000000e+02 -9.999999999999999673e+98 -9.999999999999999673e+98 nan
-9.999999999999999673e+98 1.214168057641080669e+83 -2.943710606025776166e-01 2.980000000000000000e+02 -9.999999999999999673e+98 -9.999999999999999673e+98 nan
-9.999999999999999673e+98 1.214168057641080669e+83 -2.977324083052824699e-01 2.970000000000000000e+02 -9.999999999999999673e+98 -9.999999999999999673e+98 nan
-9.999999999999999673e+98 1.214168057641080669e+83 -3.011050927839217239e-01 2.960000000000000000e+02 -9.999999999999999673e+98 -9.999999999999999673e+98 nan
-9.999999999999999673e+98 1.214168057641080669e+83 -3.044891907681622767e-01 2.950000000000000000e+02 -9.999999999999999673e+98 -9.999999999999999673e+98 nan
-9.999999999999999673e+98 1.214168057641080669e+83 -3.078847797693005095e-01 2.940000000000000000e+02 -9.999999999999999673e+98 -9.999999999999999673e+98 nan
-9.999999999999999673e+98 1.214168057641080669e+83 -3.112919380909148215e-01 2.930000000000000000e+02 -9.999999999999999673e+98 -9.999999999999999673e+98 nan
-9.999999999999999673e+98 1.214168057641080669e+83 -3.147107448397004070e-01 2.920000000000000000e+02 -9.999999999999999673e+98 -9.999999999999999673e+98 nan
-9.999999999999999673e+98 1.214168057641080669e+83 -3.181412799364896626e-01 2.910000000000000000e+02 -9.999999999999999673e+98 -9.999999999999999673e+98 nan
-9.999999999999999673e+98 1.214168057641080669e+83 -3.215836241274624419e-01 2.900000000000000000e+02 -9.999999999999999673e+98 -9.999999999999999673e+98 nan
-9.999999999999999673e+98 1.214168057641080669e+83 -3.250378589955499886e-01 2.890000000000000000e+02 -9.999999999999999673e+98 -9.999999999999999673e+98 nan
-9.999999999999999673e+98 1.214168057641080669e+83 -3.285040669720362128e-01 2.880000000000000000e+02 -9.999999999999999673e+98 -9.999999999999999673e+98 nan
-9.999999999999999673e+98 1.214168057641080669e+83 -3.319823313483610261e-01 2.870000000000000000e+02 -9.999999999999999673e+98 -9.999999999999999673e+98 nan
-9.999999999999999673e+98 1.214168057641080669e+83 -3.354727362881295694e-01 2.860000000000000000e+02 -9.999999999999999673e+98 -9.999999999999999673e+98 nan
-9.999999999999999673e+98 1.214168057641080669e+83 -3.389753668393316599e-01 2.850000000000000000e+02 -9.999999999999999673e+98 -9.999999999999999673e+98 nan
-9.999999999999999673e+98 1.214168057641080669e+83 -3.424903089467761230e-01 2.840000000000000000e+02 -9.999999999999999673e+98 -9.999999999999999673e+98 nan
-9.999999999999999673e+98 1.214168057641080669e+83 -3.460176494647445589e-01 2.830000000000000000e+02 -9.999999999999999673e+98 -9.999999999999999673e+98 nan
-9.999999999999999673e+98 1.214168057641080669e+83 -3.495574761698685973e-01 2.820000000000000000e+02 -9.999999999999999673e+98 -9.999999999999999673e+98 nan
-9.999999999999999673e+98 1.214168057641080669e+83 -3.531098777742364137e-01 2.810000000000000000e+02 -9.999999999999999673e+98 -9.999999999999999673e+98 nan
-9.999999999999999673e+98 1.214168057641080669e+83 -3.566749439387325582e-01 2.800000000000000000e+02 -9.999999999999999673e+98 -9.999999999999999673e+98 nan
-9.999999999999999673e+98 1.214168057641080669e+83 -3.602527652866165386e-01 2.790000000000000000e+02 -9.999999999999999673e+98 -9.999999999999999673e+98 nan
-9.999999999999999673e+98 1.214168057641080669e+83 -3.638434334173450968e-01 2.780000000000000000e+02 -9.999999999999999673e+98 -9.999999999999999673e+98 nan
-9.999999999999999673e+98 1.214168057641080669e+83 -3.674470409206436750e-01 2.770000000000000000e+02 -9.999999999999999673e+98 -9.999999999999999673e+98 nan
-9.999999999999999673e+98 1.214168057641080669e+83 -3.710636813908321785e-01 2.760000000000000000e+02 -9.999999999999999673e+98 -9.999999999999999673e+98 nan
-9.999999999999999673e+98 1.214168057641080669e+83 -3.746934494414108641e-01 2.750000000000000000e+02 -9.999999999999999673e+98 -9.999999999999999673e+98 nan
-9.999999999999999673e+98 1.214168057641080669e+83 -3.783364407199119595e-01 2.740000000000000000e+02 -9.999999999999999673e+98 -9.999999999999999673e+98 nan
-9.999999999999999673e+98 1.214168057641080669e+83 -3.819927519230224555e-01 2.730000000000000000e+02 -9.999999999999999673e+98 -9.999999999999999673e+98 nan
-9.999999999999999673e+98 1.214168057641080669e+83 -3.856624808119848424e-01 2.720000000000000000e+02 -9.999999999999999673e+98 -9.999999999999999673e+98 nan
-9.999999999999999673e+98 1.214168057641080669e+83 -3.893457262282812859e-01 2.710000000000000000e+02 -9.999999999999999673e+98 -9.999999999999999673e+98 nan
-9.999999999999999673e+98 1.214168057641080669e+83 -3.930425881096074048e-01 2.700000000000000000e+02 -9.999999999999999673e+98 -9.999999999999999673e+98 nan
-9.999999999999999673e+98 1.214168057641080669e+83 -3.967531675061430341e-01 2.690000000000000000e+02 -9.999999999999999673e+98 -9.999999999999999673e+98 nan
-9.999999999999999673e+98 1.214168057641080669e+83 -4.004775665971254672e-01 2.680000000000000000e+02 -9.999999999999999673e+98 -9.999999999999999673e+98 nan
-9.999999999999999673e+98 1.214168057641080669e+83 -4.042158887077326179e-01 2.670000000000000000e+02 -9.999999999999999673e+98 -9.999999999999999673e+98 nan
-9.999999999999999673e+98 1.214168057641080669e+83 -4.079682383262830947e-01 2.660000000000000000e+02 -9.999999999999999673e+98 -9.999999999999999673e+98 nan
-9.999999999999999673e+98 1.214168057641080669e+83 -4.117347211217599612e-01 2.650000000000000000e+02 -9.999999999999999673e+98 -9.999999999999999673e+98 nan
-9.999999999999999673e+98 1.214168057641080669e+83 -4.155154439616660089e-01 2.640000000000000000e+02 -9.999999999999999673e+98 -9.999999999999999673e+98 nan
-9.999999999999999673e+98 1.214168057641080669e+83 -4.193105149302176482e-01 2.630000000000000000e+02 -9.999999999999999673e+98 -9.999999999999999673e+98 nan
-9.999999999999999673e+98 1.214168057641080669e+83 -4.231200433468853550e-01 2.620000000000000000e+02 -9.999999999999999673e+98 -9.999999999999999673e+98 nan
-9.999999999999999673e+98 1.214168057641080669e+83 -4.269441397852887787e-01 2.610000000000000000e+02 -9.999999999999999673e+98 -9.999999999999999673e+98 nan
-9.999999999999999673e+98 1.214168057641080669e+83 -4.307829160924544487e-01 2.600000000000000000e+02 -9.999999999999999673e+98 -9.999999999999999673e+98 nan
-9.999999999999999673e+98 1.214168057641080669e+83 -4.346364854084444063e-01 2.590000000000000000e+02 -9.999999999999999673e+98 -9.999999999999999673e+98 nan
-9.999999999999999673e+98 1.214168057641080669e+83 -4.385049621863647551e-01 2.580000000000000000e+02 -9.999999999999999673e+98 -9.999999999999999673e+98 nan
-9.999999999999999673e+98 1.214168057641080669e+83 -4.423884622127624011e-01 2.570000000000000000e+02 -9.999999999999999673e+98 -9.999999999999999673e+98 nan
-9.999999999999999673e+98 1.214168057641080669e+83 -4.462871026284197518e-01 2.560000000000000000e+02 -9.999999999999999673e+98 -9.999999999999999673e+98 nan
-9.999999999999999673e+98 1.214168057641080669e+83 -4.502010019495560900e-01 2.550000000000000000e+02 -9.999999999999999673e+98 -9.999999999999999673e+98 nan
-9.999999999999999673e+98 1.214168057641080669e+83 -4.541302800894456704e-01 2.540000000000000000e+02 -9.999999999999999673e+98 -9.999999999999999673e+98 nan
-9.999999999999999673e+98 1.214168057641080669e+83 -4.580750583804620302e-01 2.530000000000000000e+02 -9.999999999999999673e+98 -9.999999999999999673e+98 nan
-9.999999999999999673e+98 1.214168057641080669e+83 -4.620354595965589506e-01 2.520000000000000000e+02 -9.999999999999999673e+98 -9.999999999999999673e+98 nan
-9.999999999999999673e+98 1.214168057641080669e+83 -4.660116079761983943e-01 2.510000000000000000e+02 -9.999999999999999673e+98 -9.999999999999999673e+98 nan
-9.999999999999999673e+98 1.214168057641080669e+83 -4.700036292457358544e-01 2.500000000000000000e+02 -9.999999999999999673e+98 -9.999999999999999673e+98 nan
-9.999999999999999673e+98 1.214168057641080669e+83 -4.740116506432746624e-01 2.490000000000000000e+02 -9.999999999999999673e+98 -9.999999999999999673e+98 nan
-9.999999999999999673e+98 1.214168057641080669e+83 -4.780358009430000776e-01 2.480000000000000000e+02 -9.999999999999999673e+98 -9.999999999999999673e+98 nan
-9.999999999999999673e+98 1.214168057641080669e+83 -4.820762104800050407e-01 2.470000000000000000e+02 -9.999999999999999673e+98 -9.999999999999999673e+98 nan
-9.999999999999999673e+98 1.214168057641080669e+83 -4.861330111756194117e-01 2.460000000000000000e+02 -9.999999999999999673e+98 -9.999999999999999673e+98 nan
-9.999999999999999673e+98 1.214168057641080669e+83 -4.902063365632552405e-01 2.450000000000000000e+02 -9.999999999999999673e+98 -9.999999999999999673e+98 nan
-9.999999999999999673e+98 1.214168057641080669e+83 -4.942963218147803373e-01 2.440000000000000000e+02 -9.999999999999999673e+98 -9.999999999999999673e+98 nan
-9.999999999999999673e+98 1.214168057641080669e+83 -4.984031037674337417e-01 2.430000000000000000e+02 -9.999999999999999673e+98 -9.999999999999999673e+98 nan
-9.999999999999999673e+98 1.214168057641080669e+83 -5.025268209512957496e-01 2.420000000000000000e+02 -9.999999999999999673e+98 -9.999999999999999673e+98 nan
-9.999999999999999673e+98 1.214168057641080669e+83 -5.066676136173271505e-01 2.410000000000000000e+02 -9.999999999999999673e+98 -9.999999999999999673e+98 nan
-9.999999999999999673e+98 1.214168057641080669e+83 -5.108256237659908328e-01 2.400000000000000000e+02 -9.999999999999999673e+98 -9.999999999999999673e+98 nan
-9.999999999999999673e+98 1.214168057641080669e+83 -5.150009951764714655e-01 2.390000000000000000e+02 -9.999999999999999673e+98 -9.999999999999999673e+98 nan
-9.999999999999999673e+98 1.214168057641080669e+83 -5.191938734365074692e-01 2.380000000000000000e+02 -9.999999999999999673e+98 -9.999999999999999673e+98 nan
-9.999999999999999673e+98 1.214168057641080669e+83 -5.234044059728509835e-01 2.370000000000000000e+02 -9.999999999999999673e+98 -9.999999999999999673e+98 nan
-9.999999999999999673e+98 1.214168057641080669e+83 -5.276327420823720971e-01 2.360000000000000000e+02 -9.999999999999999673e+98 -9.999999999999999673e+98 nan
-9.999999999999999673e+98 1.214168057641080669e+83 -5.318790329638232173e-01 2.350000000000000000e+02 -9.999999999999999673e+98 -9.999999999999999673e+98 nan
-9.999999999999999673e+98 1.214168057641080669e+83 -5.361434317502807856e-01 2.340000000000000000e+02 -9.999999999999999673e+98 -9.999999999999999673e+98 nan
-9.999999999999999673e+98 1.214168057641080669e+83 -5.404260935422816603e-01 2.330000000000000000e+02 -9.999999999999999673e+98 -9.999999999999999673e+98 nan
-9.999999999999999673e+98 1.214168057641080669e+83 -5.447271754416722622e-01 2.320000000000000000e+02 -9.999999999999999673e+98 -9.999999999999999673e+98 nan
-9.999999999999999673e+98 1.214168057641080669e+83 -5.490468365861886912e-01 2.310000000000000000e+02 -9.999999999999999673e+98 -9.999999999999999673e+98 nan
-9.999999999999999673e+98 1.214168057641080669e+83 -5.533852381847869095e-01 2.300000000000000000e+02 -9.999999999999999673e+98 -9.999999999999999673e+98 nan
-9.999999999999999673e+98 1.214168057641080669e+83 -5.577425435537426424e-01 2.290000000000000000e+02 -9.999999999999999673e+98 -9.999999999999999673e+98 nan
-9.999999999999999673e+98 1.214168057641080669e+83 -5.621189181535415358e-01 2.280000000000000000e+02 -9.999999999999999673e+98 -9.999999999999999673e+98 nan
-9.999999999999999673e+98 1.214168057641080669e+83 -5.665145296265796659e-01 2.270000000000000000e+02 -9.999999999999999673e+98 -9.999999999999999673e+98 nan
-9.999999999999999673e+98 1.214168057641080669e+83 -5.709295478356964937e-01 2.260000000000000000e+02 -9.999999999999999673e+98 -9.999999999999999673e+98 nan
-9.999999999999999673e+98 1.214168057641080669e+83 -5.753641449035622468e-01 2.250000000000000000e+02 -9.999999999999999673e+98 -9.999999999999999673e+98 nan
-9.999999999999999673e+98 1.214168057641080669e+83 -5.798184952529424896e-01 2.240000000000000000e+02 -9.999999999999999673e+98 -9.999999999999999673e+98 nan
-9.999999999999999673e+98 1.214168057641080669e+83 -5.842927756478635271e-01 2.230000000000000000e+02 -9.999999999999999673e+98 -9.999999999999999673e+98 nan
-9.999999999999999673e+98 1.214168057641080669e+83 -5.887871652357028474e-01 2.220000000000000000e+02 -9.999999999999999673e+98 -9.999999999999999673e+98 nan
-9.999999999999999673e+98 1.214168057641080669e+83 -5.933018455902294708e-01 2.210000000000000000e+02 -9.999999999999999673e+98 -9.999999999999999673e+98 nan
-9.999999999999999673e+98 1.214168057641080669e+83 -5.978370007556207399e-01 2.200000000000000000e+02 -9.999999999999999673e+98 -9.999999999999999673e+98 nan
-9.999999999999999673e+98 1.214168057641080669e+83 -6.023928172914814194e-01 2.190000000000000000e+02 -9.999999999999999673e+98 -9.999999999999999673e+98 nan
-9.999999999999999673e+98 1.214168057641080669e+83 -6.069694843188931932e-01 2.180000000000000000e+02 -9.999999999999999673e+98 -9.999999999999999673e+98 nan
-9.999999999999999673e+98 1.214168057641080669e+83 -6.115671935675226489e-01 2.170000000000000000e+02 -9.999999999999999673e+98 -9.999999999999999673e+98 nan
-9.999999999999999673e+98 1.214168057641080669e+83 -6.161861394238171696e-01 2.160000000000000000e+02 -9.999999999999999673e+98 -9.999999999999999673e+98 nan
-9.999999999999999673e+98 1.214168057641080669e+83 -6.208265189803193751e-01 2.150000000000000000e+02 -9.999999999999999673e+98 -9.999999999999999673e+98 nan
-9.999999999999999673e+98 1.214168057641080669e+83 -6.254885320861306441e-01 2.140000000000000000e+02 -9.999999999999999673e+98 -9.999999999999999673e+98 nan
-9.999999999999999673e+98 1.214168057641080669e+83 -6.301723813985570244e-01 2.130000000000000000e+02 -9.999999999999999673e+98 -9.999999999999999673e+98 nan
-9.999999999999999673e+98 1.214168057641080669e+83 -6.348782724359697260e-01 2.120000000000000000e+02 -9.999999999999999673e+98 -9.999999999999999673e+98 nan
-9.999999999999999673e+98 1.214168057641080669e+83 -6.396064136319157267e-01 2.110000000000000000e+02 -9.999999999999999673e+98 -9.999999999999999673e+98 nan
-9.999999999999999673e+98 1.214168057641080669e+83 -6.443570163905135706e-01 2.100000000000000000e+02 -9.999999999999999673e+98 -9.999999999999999673e+98 nan
-9.999999999999999673e+98 1.214168057641080669e+83 -6.491302951431712209e-01 2.090000000000000000e+02 -9.999999999999999673e+98 -9.999999999999999673e+98 nan
-9.999999999999999673e+98 1.214168057641080669e+83 -6.539264674066642691e-01 2.080000000000000000e+02 -9.999999999999999673e+98 -9.999999999999999673e+98 nan
-9.999999999999999673e+98 1.214168057641080669e+83 -6.587457538426131354e-01 2.070000000000000000e+02 -9.999999999999999673e+98 -9.999999999999999673e+98 nan
-9.999999999999999673e+98 1.214168057641080669e+83 -6.635883783184011175e-01 2.060000000000000000e+02 -9.999999999999999673e+98 -9.999999999999999673e+98 nan
-9.999999999999999673e+98 1.214168057641080669e+83 -6.684545679695740317e-01 2.050000000000000000e+02 -9.999999999999999673e+98 -9.999999999999999673e+98 nan
-9.999999999999999673e+98 1.214168057641080669e+83 -6.733445532637658548e-01 2.040000000000000000e+02 -9.999999999999999673e+98 -9.999999999999999673e+98 nan
-9.999999999999999673e+98 1.214168057641080669e+83 -6.782585680661948890e-01 2.030000000000000000e+02 -9.999999999999999673e+98 -9.999999999999999673e+98 nan
-9.999999999999999673e+98 1.214168057641080669e+83 -6.831968497067774093e-01 2.020000000000000000e+02 -9.999999999999999673e+98 -9.999999999999999673e+98 nan
-9.999999999999999673e+98 1.214168057641080669e+83 -6.881596390489064241e-01 2.010000000000000000e+02 -9.999999999999999673e+98 -9.999999999999999673e+98 nan
-9.999999999999999673e+98 1.214168057641080669e+83 -6.931471805599455083e-01 2.000000000000000000e+02 -9.999999999999999673e+98 -9.999999999999999673e+98 nan
-9.999999999999999673e+98 1.214168057641080669e+83 -6.981597223834897781e-01 1.990000000000000000e+02 -9.999999999999999673e+98 -9.999999999999999673e+98 nan
-9.999999999999999673e+98 1.214168057641080669e+83 -7.031975164134469658e-01 1.980000000000000000e+02 -9.999999999999999673e+98 -9.999999999999999673e+98 nan
-9.999999999999999673e+98 1.214168057641080669e+83 -7.082608183699936610e-01 1.970000000000000000e+02 -9.999999999999999673e+98 -9.999999999999999673e+98 nan
-9.999999999999999673e+98 1.214168057641080669e+83 -7.133498878774648944e-01 1.960000000000000000e+02 -9.999999999999999673e+98 -9.999999999999999673e+98 nan
-9.999999999999999673e+98 1.214168057641080669e+83 -7.184649885442353501e-01 1.950000000000000000e+02 -9.999999999999999673e+98 -9.999999999999999673e+98 nan
-9.999999999999999673e+98 1.214168057641080669e+83 -7.236063880446540475e-01 1.940000000000000000e+02 -9.999999999999999673e+98 -9.999999999999999673e+98 nan
-9.999999999999999673e+98 1.214168057641080669e+83 -7.287743582030966616e-01 1.930000000000000000e+02 -9.999999999999999673e+98 -9.999999999999999673e+98 nan
-9.999999999999999673e+98 1.214168057641080669e+83 -7.339691750802006531e-01 1.920000000000000000e+02 -9.999999999999999673e+98 -9.999999999999999673e+98 nan
-9.999999999999999673e+98 1.214168057641080669e+83 -7.391911190613523752e-01 1.910000000000000000e+02 -9.999999999999999673e+98 -9.999999999999999673e+98 nan
-9.999999999999999673e+98 1.214168057641080669e+83 -7.444404749474961003e-01 1.900000000000000000e+02 -9.999999999999999673e+98 -9.999999999999999673e+98 nan
-9.999999999999999673e+98 1.214168057641080669e+83 -7.497175320483399075e-01 1.890000000000000000e+02 -9.999999999999999673e+98 -9.999999999999999673e+98 nan
-9.999999999999999673e+98 1.214168057641080669e+83 -7.550225842780330376e-01 1.880000000000000000e+02 -9.999999999999999673e+98 -9.999999999999999673e+98 nan
-9.999999999999999673e+98 1.214168057641080669e+83 -7.603559302533956510e-01 1.870000000000000000e+02 -9.999999999999999673e+98 -9.999999999999999673e+98 nan
-9.999999999999999673e+98 1.214168057641080669e+83 -7.657178733947810345e-01 1.860000000000000000e+02 -9.999999999999999673e+98 -9.999999999999999673e+98 nan
-9.999999999999999673e+98 1.214168057641080669e+83 -7.711087220296574118e-01 1.850000000000000000e+02 -9.999999999999999673e+98 -9.999999999999999673e+98 nan
-9.999999999999999673e+98 1.214168057641080669e+83 -7.765287894989966189e-01 1.840000000000000000e+02 -9.999999999999999673e+98 -9.999999999999999673e+98 nan
-9.999999999999999673e+98 1.214168057641080669e+83 -7.819783942665613496e-01 1.830000000000000000e+02 -9.999999999999999673e+98 -9.999999999999999673e+98 nan
-9.999999999999999673e+98 1.214168057641080669e+83 -7.874578600311868959e-01 1.820000000000000000e+02 -9.999999999999999673e+98 -9.999999999999999673e+98 nan
-9.999999999999999673e+98 1.214168057641080669e+83 -7.929675158421565229e-01 1.810000000000000000e+02 -9.999999999999999673e+98 -9.999999999999999673e+98 nan
-9.999999999999999673e+98 1.214168057641080669e+83 -7.985076962177718451e-01 1.800000000000000000e+02 -9.999999999999999673e+98 -9.999999999999999673e+98 nan
-9.999999999999999673e+98 1.214168057641080669e+83 -8.040787412672272261e-01 1.790000000000000000e+02 -9.999999999999999673e+98 -9.999999999999999673e+98 nan
-9.999999999999999673e+98 1.214168057641080669e+83 -8.096809968158971138e-01 1.780000000000000000e+02 -9.999999999999999673e+98 -9.999999999999999673e+98 nan
-9.999999999999999673e+98 1.214168057641080669e+83 -8.153148145341531094e-01 1.770000000000000000e+02 -9.999999999999999673e+98 -9.999999999999999673e+98 nan
-9.999999999999999673e+98 1.214168057641080669e+83 -8.209805520698304493e-01 1.760000000000000000e+02 -9.999999999999999673e+98 -9.999999999999999673e+98 nan
-9.999999999999999673e+98 1.214168057641080669e+83 -8.266785731844681351e-01 1.750000000000000000e+02 -9.999999999999999673e+98 -9.999999999999999673e+98 nan
-9.999999999999999673e+98 1.214168057641080669e+83 -8.324092478934531636e-01 1.740000000000000000e+02 -9.999999999999999673e+98 -9.999999999999999673e+98 nan
-9.999999999999999673e+98 1.214168057641080669e+83 -8.381729526102031924e-01 1.730000000000000000e+02 -9.999999999999999673e+98 -9.999999999999999673e+98 nan
-9.999999999999999673e+98 1.214168057641080669e+83 -8.439700702945290844e-01 1.720000000000000000e+02 -9.999999999999999673e+98 -9.999999999999999673e+98 nan
-9.999999999999999673e+98 1.214168057641080669e+83 -8.498009906053223261e-01 1.710000000000000000e+02 -9.999999999999999673e+98 -9.999999999999999673e+98 nan
-9.999999999999999673e+98 1.214168057641080669e+83 -8.556661100577204193e-01 1.700000000000000000e+02 -9.999999999999999673e+98 -9.999999999999999673e+98 nan
-9.999999999999999673e+98 1.214168057641080669e+83 -8.615658321849086754e-01 1.690000000000000000e+02 -9.999999999999999673e+98 -9.999999999999999673e+98 nan
-9.999999999999999673e+98 1.214168057641080669e+83 -8.675005677047231689e-01 1.680000000000000000e+02 -9.999999999999999673e+98 -9.999999999999999673e+98 nan
-9.999999999999999673e+98 1.214168057641080669e+83 -8.734707346912269355e-01 1.670000000000000000e+02 -9.999999999999999673e+98 -9.999999999999999673e+98 nan
-9.999999999999999673e+98 1.214168057641080669e+83 -8.794767587514388252e-01 1.660000000000000000e+02 -9.999999999999999673e+98 -9.999999999999999673e+98 nan
-9.999999999999999673e+98 1.214168057641080669e+83 -8.855190732074014193e-01 1.650000000000000000e+02 -9.999999999999999673e+98 -9.999999999999999673e+98 nan
-9.999999999999999673e+98 1.214168057641080669e+83 -8.915981192837836300e-01 1.640000000000000000e+02 -9.999999999999999673e+98 -9.999999999999999673e+98 nan
-9.999999999999999673e+98 1.214168057641080669e+83 -8.977143463012197122e-01 1.630000000000000000e+02 -9.999999999999999673e+98 -9.999999999999999673e+98 nan
-9.999999999999999673e+98 1.214168057641080669e+83 -9.038682118755979600e-01 1.620000000000000000e+02 -9.999999999999999673e+98 -9.999999999999999673e+98 nan
-9.999999999999999673e+98 1.214168057641080669e+83 -9.100601821235190236e-01 1.610000000000000000e+02 -9.999999999999999673e+98 -9.999999999999999673e+98 nan
-9.999999999999999673e+98 1.214168057641080669e+83 -9.162907318741551066e-01 1.600000000000000000e+02 -9.999999999999999673e+98 -9.999999999999999673e+98 nan
-9.999999999999999673e+98 1.214168057641080669e+83 -9.225603448877505164e-01 1.590000000000000000e+02 -9.999999999999999673e+98 -9.999999999999999673e+98 nan
-9.999999999999999673e+98 1.214168057641080669e+83 -9.288695140810152573e-01 1.580000000000000000e+02 -9.999999999999999673e+98 -9.999999999999999673e+98 nan
-9.999999999999999673e+98 1.214168057641080669e+83 -9.352187417596740104e-01 1.570000000000000000e+02 -9.999999999999999673e+98 -9.999999999999999673e+98 nan
-9.999999999999999673e+98 1.214168057641080669e+83 -9.416085398584450594e-01 1.560000000000000000e+02 -9.999999999999999673e+98 -9.999999999999999673e+98 nan
-9.999999999999999673e+98 1.214168057641080669e+83 -9.480394301887354880e-01 1.550000000000000000e+02 -9.999999999999999673e+98 -9.999999999999999673e+98 nan
-9.999999999999999673e+98 1.214168057641080669e+83 -9.545119446943529651e-01 1.540000000000000000e+02 -9.999999999999999673e+98 -9.999999999999999673e+98 nan
-9.999999999999999673e+98 1.214168057641080669e+83 -9.610266257155466452e-01 1.530000000000000000e+02 -9.999999999999999673e+98 -9.999999999999999673e+98 nan
-9.999999999999999673e+98 1.214168057641080669e+83 -9.675840262617056986e-01 1.520000000000000000e+02 -9.999999999999999673e+98 -9.999999999999999673e+98 nan
-9.999999999999999673e+98 1.214168057641080669e+83 -9.741847102930577540e-01 1.510000000000000000e+02 -9.999999999999999673e+98 -9.999999999999999673e+98 nan
-9.999999999999999673e+98 1.214168057641080669e+83 -9.808292530117262986e-01 1.500000000000000000e+02 -9.999999999999999673e+98 -9.999999999999999673e+98 nan
-9.999999999999999673e+98 1.214168057641080669e+83 -9.875182411625229584e-01 1.490000000000000000e+02 -9.999999999999999673e+98 -9.999999999999999673e+98 nan
-9.999999999999999673e+98 1.214168057641080669e+83 -9.942522733438670102e-01 1.480000000000000000e+02 -9.999999999999999673e+98 -9.999999999999999673e+98 nan
-9.999999999999999673e+98 1.214168057641080669e+83 -1.001031960329245685e+00 1.470000000000000000e+02 -9.999999999999999673e+98 -9.999999999999999673e+98 nan
-9.999999999999999673e+98 1.214168057641080669e+83 -1.007857925399645582e+00 1.460000000000000000e+02 -9.999999999999999673e+98 -9.999999999999999673e+98 nan
-9.999999999999999673e+98 1.214168057641080669e+83 -1.014730804687407728e+00 1.450000000000000000e+02 -9.999999999999999673e+98 -9.999999999999999673e+98 nan
-9.999999999999999673e+98 1.214168057641080669e+83 -1.021651247531981443e+00 1.440000000000000000e+02 -9.999999999999999673e+98 -9.999999999999999673e+98 nan
-9.999999999999999673e+98 1.214168057641080669e+83 -1.028619916848074745e+00 1.430000000000000000e+02 -9.999999999999999673e+98 -9.999999999999999673e+98 nan
-9.999999999999999673e+98 1.214168057641080669e+83 -1.035637489506721298e+00 1.420000000000000000e+02 -9.999999999999999673e+98 -9.999999999999999673e+98 nan
-9.999999999999999673e+98 1.214168057641080669e+83 -1.042704656729813717e+00 1.410000000000000000e+02 -9.999999999999999673e+98 -9.999999999999999673e+98 nan
-9.999999999999999673e+98 1.214168057641080669e+83 -1.049822124498677622e+00 1.400000000000000000e+02 -9.999999999999999673e+98 -9.999999999999999673e+98 nan
-9.999999999999999673e+98 1.214168057641080669e+83 -1.056990613977290216e+00 1.390000000000000000e+02 -9.999999999999999673e+98 -9.999999999999999673e+98 nan
-9.999999999999999673e+98 1.214168057641080669e+83 -1.064210861950777298e+00 1.380000000000000000e+02 -9.999999999999999673e+98 -9.999999999999999673e+98 nan
-9.999999999999999673e+98 1.214168057641080669e+83 -1.071483621279857079e+00 1.370000000000000000e+02 -9.999999999999999673e+98 -9.999999999999999673e+98 nan
-9.999999999999999673e+98 1.214168057641080669e+83 -1.078809661371930018e+00 1.360000000000000000e+02 -9.999999999999999673e+98 -9.999999999999999673e+98 nan
-9.999999999999999673e+98 1.214168057641080669e+83 -1.086189768669552524e+00 1.350000000000000000e+02 -9.999999999999999673e+98 -9.999999999999999673e+98 nan
-9.999999999999999673e+98 1.214168057641080669e+83 -1.093624747157070587e+00 1.340000000000000000e+02 -9.999999999999999673e+98 -9.999999999999999673e+98 nan
-9.999999999999999673e+98 1.214168057641080669e+83 -1.101115418886228214e+00 1.330000000000000000e+02 -9.999999999999999673e+98 -9.999999999999999673e+98 nan
-9.999999999999999673e+98 1.214168057641080669e+83 -1.108662624521611129e+00 1.320000000000000000e+02 -9.999999999999999673e+98 -9.999999999999999673e+98 nan
-9.999999999999999673e+98 1.214168057641080669e+83 -1.116267223906830530e+00 1.310000000000000000e+02 -9.999999999999999673e+98 -9.999999999999999673e+98 nan
-9.999999999999999673e+98 1.214168057641080669e+83 -1.123930096652399735e+00 1.300000000000000000e+02 -9.999999999999999673e+98 -9.999999999999999673e+98 nan
-9.999999999999999673e+98 1.214168057641080669e+83 -1.131652142746309986e+00 1.290000000000000000e+02 -9.999999999999999673e+98 -9.999999999999999673e+98 nan
-9.999999999999999673e+98 1.214168057641080669e+83 -1.139434283188365038e+00 1.280000000000000000e+02 -9.999999999999999673e+98 -9.999999999999999673e+98 nan
-9.999999999999999673e+98 1.214168057641080669e+83 -1.147277460649390957e+00 1.270000000000000000e+02 -9.999999999999999673e+98 -9.999999999999999673e+98 nan
-9.999999999999999673e+98 1.214168057641080669e+83 -1.155182640156504181e+00 1.260000000000000000e+02 -9.999999999999999673e+98 -9.999999999999999673e+98 nan
-9.999999999999999673e+98 1.214168057641080669e+83 -1.163150809805681085e+00 1.250000000000000000e+02 -9.999999999999999673e+98 -9.999999999999999673e+98 nan
-9.999999999999999673e+98 1.214168057641080669e+83 -1.171182981502945308e+00 1.240000000000000000e+02 -9.999999999999999673e+98 -9.999999999999999673e+98 nan
-9.999999999999999673e+98 1.214168057641080669e+83 -1.179280191735564642e+00 1.230000000000000000e+02 -9.999999999999999673e+98 -9.999999999999999673e+98 nan
-9.999999999999999673e+98 1.214168057641080669e+83 -1.187443502374725623e+00 1.220000000000000000e+02 -9.999999999999999673e+98 -9.999999999999999673e+98 nan
-9.999999999999999673e+98 1.214168057641080669e+83 -1.195674001511241036e+00 1.210000000000000000e+02 -9.999999999999999673e+98 -9.999999999999999673e+98 nan
-9.999999999999999673e+98 1.214168057641080669e+83 -1.203972804325936119e+00 1.200000000000000000e+02 -9.999999999999999673e+98 -9.999999999999999673e+98 nan
-9.999999999999999673e+98 1.214168057641080669e+83 -1.212341053996452755e+00 1.190000000000000000e+02 -9.999999999999999673e+98 -9.999999999999999673e+98 nan
-9.999999999999999673e+98 1.214168057641080669e+83 -1.220779922642317272e+00 1.180000000000000000e+02 -9.999999999999999673e+98 -9.999999999999999673e+98 nan
-9.999999999999999673e+98 1.214168057641080669e+83 -1.229290612310225850e+00 1.170000000000000000e+02 -9.999999999999999673e+98 -9.999999999999999673e+98 nan
-9.999999999999999673e+98 1.214168057641080669e+83 -1.237874356001617215e+00 1.160000000000000000e+02 -9.999999999999999673e+98 -9.999999999999999673e+98 nan
-9.999999999999999673e+98 1.214168057641080669e+83 -1.246532418744731752e+00 1.150000000000000000e+02 -9.999999999999999673e+98 -9.999999999999999673e+98 nan
-9.999999999999999673e+98 1.214168057641080669e+83 -1.255266098713486267e+00 1.140000000000000000e+02 -9.999999999999999673e+98 -9.999999999999999673e+98 nan
-9.999999999999999673e+98 1.214168057641080669e+83 -1.264076728395641114e+00 1.130000000000000000e+02 -9.999999999999999673e+98 -9.999999999999999673e+98 nan
-9.999999999999999673e+98 1.214168057641080669e+83 -1.272965675812887110e+00 1.120000000000000000e+02 -9.999999999999999673e+98 -9.999999999999999673e+98 nan
-9.999999999999999673e+98 1.214168057641080669e+83 -1.281934345795647578e+00 1.110000000000000000e+02 -9.999999999999999673e+98 -9.999999999999999673e+98 nan
-9.999999999999999673e+98 1.214168057641080669e+83 -1.290984181315565582e+00 1.100000000000000000e+02 -9.999999999999999673e+98 -9.999999999999999673e+98 nan
-9.999999999999999673e+98 1.214168057641080669e+83 -1.300116664878838035e+00 1.090000000000000000e+02 -9.999999999999999673e+98 -9.999999999999999673e+98 nan
-9.999999999999999673e+98 1.214168057641080669e+83 -1.309333319983762012e+00 1.080000000000000000e+02 -9.999999999999999673e+98 -9.999999999999999673e+98 nan
-9.999999999999999673e+98 1.214168057641080669e+83 -1.318635712646075486e+00 1.070000000000000000e+02 -9.999999999999999673e+98 -9.999999999999999673e+98 nan
-9.999999999999999673e+98 1.214168057641080669e+83 -1.328025452995914568e+00 1.060000000000000000e+02 -9.999999999999999673e+98 -9.999999999999999673e+98 nan
-9.999999999999999673e+98 1.214168057641080669e+83 -1.337504196950458413e+00 1.050000000000000000e+02 -9.999999999999999673e+98 -9.999999999999999673e+98 nan
-9.999999999999999673e+98 1.214168057641080669e+83 -1.347073647966609222e+00 1.040000000000000000e+02 -9.999999999999999673e+98 -9.999999999999999673e+98 nan
-9.999999999999999673e+98 1.214168057641080669e+83 -1.356735558878346071e+00 1.030000000000000000e+02 -9.999999999999999673e+98 -9.999999999999999673e+98 nan
-9.999999999999999673e+98 1.214168057641080669e+83 -1.366491733823710808e+00 1.020000000000000000e+02 -9.999999999999999673e+98 -9.999999999999999673e+98 nan
-9.999999999999999673e+98 1.214168057641080669e+83 -1.376344030266722473e+00 1.010000000000000000e+02 -9.999999999999999673e+98 -9.999999999999999673e+98 nan
-9.999999999999999673e+98 1.214168057641080669e+83 -1.386294361119890572e+00 1.000000000000000000e+02 -9.999999999999999673e+98 -9.999999999999999673e+98 nan
-9.999999999999999673e+98 1.214168057641080669e+83 -1.396344696973391919e+00 9.900000000000000000e+01 -9.999999999999999673e+98 -9.999999999999999673e+98 nan
-9.999999999999999673e+98 1.214168057641080669e+83 -1.406497068437409848e+00 9.800000000000000000e+01 -9.999999999999999673e+98 -9.999999999999999673e+98 nan
-9.999999999999999673e+98 1.214168057641080669e+83 -1.416753568604598890e+00 9.700000000000000000e+01 -9.999999999999999673e+98 -9.999999999999999673e+98 nan
-9.999999999999999673e+98 1.214168057641080669e+83 -1.427116355640145384e+00 9.600000000000000000e+01 -9.999999999999999673e+98 -9.999999999999999673e+98 nan
-9.999999999999999673e+98 1.214168057641080669e+83 -1.437587655507440720e+00 9.500000000000000000e+01 -9.999999999999999673e+98 -9.999999999999999673e+98 nan
-9.999999999999999673e+98 1.214168057641080669e+83 -1.448169764837977658e+00 9.400000000000000000e+01 -9.999999999999999673e+98 -9.999999999999999673e+98 nan
-9.999999999999999673e+98 1.214168057641080669e+83 -1.458865053954725655e+00 9.300000000000000000e+01 -9.999999999999999673e+98 -9.999999999999999673e+98 nan
-9.999999999999999673e+98 1.214168057641080669e+83 -1.469675970058941239e+00 9.200000000000000000e+01 -9.999999999999999673e+98 -9.999999999999999673e+98 nan
-9.999999999999999673e+98 1.214168057641080669e+83 -1.480605040591131516e+00 9.100000000000000000e+01 -9.999999999999999673e+98 -9.999999999999999673e+98 nan
-9.999999999999999673e+98 1.214168057641080669e+83 -1.491654876777716465e+00 9.000000000000000000e+01 -9.999999999999999673e+98 -9.999999999999999673e+98 nan
-9.999999999999999673e+98 1.214168057641080669e+83 -1.502828177375841623e+00 8.900000000000000000e+01 -9.999999999999999673e+98 -9.999999999999999673e+98 nan
-9.999999999999999673e+98 1.214168057641080669e+83 -1.514127732629775069e+00 8.800000000000000000e+01 -9.999999999999999673e+98 -9.999999999999999673e+98 nan
-9.999999999999999673e+98 1.214168057641080669e+83 -1.525556428453397784e+00 8.700000000000000000e+01 -9.999999999999999673e+98 -9.999999999999999673e+98 nan
-9.999999999999999673e+98 1.214168057641080669e+83 -1.537117250854473705e+00 8.600000000000000000e+01 -9.999999999999999673e+98 -9.999999999999999673e+98 nan
-9.999999999999999673e+98 1.214168057641080669e+83 -1.548813290617665039e+00 8.500000000000000000e+01 -9.999999999999999673e+98 -9.999999999999999673e+98 nan
-9.999999999999999673e+98 1.214168057641080669e+83 -1.560647748264667900e+00 8.400000000000000000e+01 -9.999999999999999673e+98 -9.999999999999999673e+98 nan
-9.999999999999999673e+98 1.214168057641080669e+83 -1.572623939311383667e+00 8.300000000000000000e+01 -9.999999999999999673e+98 -9.999999999999999673e+98 nan
-9.999999999999999673e+98 1.214168057641080669e+83 -1.584745299843728583e+00 8.200000000000000000e+01 -9.999999999999999673e+98 -9.999999999999999673e+98 nan
-9.999999999999999673e+98 1.214168057641080669e+83 -1.597015392435543024e+00 8.100000000000000000e+01 -9.999999999999999673e+98 -9.999999999999999673e+98 nan
-9.999999999999999673e+98 1.214168057641080669e+83 -1.609437912434100282e+00 8.000000000000000000e+01 -9.999999999999999673e+98 -9.999999999999999673e+98 nan
-9.999999999999999673e+98 1.214168057641080669e+83 -1.622016694640960432e+00 7.900000000000000000e+01 -9.999999999999999673e+98 -9.999999999999999673e+98 nan
-9.999999999999999673e+98 1.214168057641080669e+83 -1.634755720418390235e+00 7.800000000000000000e+01 -9.999999999999999673e+98 -9.999999999999999673e+98 nan
-9.999999999999999673e+98 1.214168057641080669e+83 -1.647659125254298029e+00 7.700000000000000000e+01 -9.999999999999999673e+98 -9.999999999999999673e+98 nan
-9.999999999999999673e+98 1.214168057641080669e+83 -1.660731206821650874e+00 7.600000000000000000e+01 -9.999999999999999673e+98 -9.999999999999999673e+98 nan
-9.999999999999999673e+98 1.214168057641080669e+83 -1.673976433571671585e+00 7.500000000000000000e+01 -9.999999999999999673e+98 -9.999999999999999673e+98 nan
-9.999999999999999673e+98 1.214168057641080669e+83 -1.687399453903812185e+00 7.400000000000000000e+01 -9.999999999999999673e+98 -9.999999999999999673e+98 nan
-9.999999999999999673e+98 1.214168057641080669e+83 -1.701005105959590757e+00 7.300000000000000000e+01 -9.999999999999999673e+98 -9.999999999999999673e+98 nan
-9.999999999999999673e+98 1.214168057641080669e+83 -1.714798428091926619e+00 7.200000000000000000e+01 -9.999999999999999673e+98 -9.999999999999999673e+98 nan
-9.999999999999999673e+98 1.214168057641080669e+83 -1.728784670066666473e+00 7.100000000000000000e+01 -9.999999999999999673e+98 -9.999999999999999673e+98 nan
-9.999999999999999673e+98 1.214168057641080669e+83 -1.742969305058622798e+00 7.000000000000000000e+01 -9.999999999999999673e+98 -9.999999999999999673e+98 nan
-9.999999999999999673e+98 1.214168057641080669e+83 -1.757358042510722473e+00 6.900000000000000000e+01 -9.999999999999999673e+98 -9.999999999999999673e+98 nan
-9.999999999999999673e+98 1.214168057641080669e+83 -1.771956841931875193e+00 6.800000000000000000e+01 -9.999999999999999673e+98 -9.999999999999999673e+98 nan
-9.999999999999999673e+98 1.214168057641080669e+83 -1.786771927717015762e+00 6.700000000000000000e+01 -9.999999999999999673e+98 -9.999999999999999673e+98 nan
-9.999999999999999673e+98 1.214168057641080669e+83 -1.801809805081556304e+00 6.600000000000000000e+01 -9.999999999999999673e+98 -9.999999999999999673e+98 nan
-9.999999999999999673e+98 1.214168057641080669e+83 -1.817077277212344688e+00 6.500000000000000000e+01 -9.999999999999999673e+98 -9.999999999999999673e+98 nan
-9.999999999999999673e+98 1.214168057641080669e+83 -1.832581463748309991e+00 6.400000000000000000e+01 -9.999999999999999673e+98 -9.999999999999999673e+98 nan
-9.999999999999999673e+98 1.214168057641080669e+83 -1.848329820716449134e+00 6.300000000000000000e+01 -9.999999999999999673e+98 -9.999999999999999673e+98 nan
-9.999999999999999673e+98 1.214168057641080669e+83 -1.864330162062890262e+00 6.200000000000000000e+01 -9.999999999999999673e+98 -9.999999999999999673e+98 nan
-9.999999999999999673e+98 1.214168057641080669e+83 -1.880590682934670577e+00 6.100000000000000000e+01 -9.999999999999999673e+98 -9.999999999999999673e+98 nan
-9.999999999999999673e+98 1.214168057641080669e+83 -1.897119984885881072e+00 6.000000000000000000e+01 -9.999999999999999673e+98 -9.999999999999999673e+98 nan
-9.999999999999999673e+98 1.214168057641080669e+83 -1.913927103202262225e+00 5.900000000000000000e+01 -9.999999999999999673e+98 -9.999999999999999673e+98 nan
-9.999999999999999673e+98 1.214168057641080669e+83 -1.931021536561562391e+00 5.800000000000000000e+01 -9.999999999999999673e+98 -9.999999999999999673e+98 nan
-9.999999999999999673e+98 1.214168057641080669e+83 -1.948413279273431664e+00 5.700000000000000000e+01 -9.999999999999999673e+98 -9.999999999999999673e+98 nan
-9.999999999999999673e+98 1.214168057641080669e+83 -1.966112856372832507e+00 5.600000000000000000e+01 -9.999999999999999673e+98 -9.999999999999999673e+98 nan
-9.999999999999999673e+98 1.214168057641080669e+83 -1.984131361875510757e+00 5.500000000000000000e+01 -9.999999999999999673e+98 -9.999999999999999673e+98 nan
-9.999999999999999673e+98 1.214168057641080669e+83 -2.002480500543707187e+00 5.400000000000000000e+01 -9.999999999999999673e+98 -9.999999999999999673e+98 nan
-9.999999999999999673e+98 1.214168057641080669e+83 -2.021172633555859743e+00 5.300000000000000000e+01 -9.999999999999999673e+98 -9.999999999999999673e+98 nan
-9.999999999999999673e+98 1.214168057641080669e+83 -2.040220828526554175e+00 5.200000000000000000e+01 -9.999999999999999673e+98 -9.999999999999999673e+98 nan
-9.999999999999999673e+98 1.214168057641080669e+83 -2.059638914383655539e+00 5.100000000000000000e+01 -9.999999999999999673e+98 -9.999999999999999673e+98 nan
-9.999999999999999673e+98 1.214168057641080669e+83 -2.079441541679835304e+00 5.000000000000000000e+01 -9.999999999999999673e+98 -9.999999999999999673e+98 nan
-9.999999999999999673e+98 1.214168057641080669e+83 -2.099644248997354801e+00 4.900000000000000000e+01 -9.999999999999999673e+98 -9.999999999999999673e+98 nan
-9.999999999999999673e+98 1.214168057641080669e+83 -2.120263536200090559e+00 4.800000000000000000e+01 -9.999999999999999673e+98 -9.999999999999999673e+98 nan
-9.999999999999999673e+98 1.214168057641080669e+83 -2.141316945397922833e+00 4.700000000000000000e+01 -9.999999999999999673e+98 -9.999999999999999673e+98 nan
-9.999999999999999673e+98 1.214168057641080669e+83 -2.162823150618886636e+00 4.600000000000000000e+01 -9.999999999999999673e+98 -9.999999999999999673e+98 nan
-9.999999999999999673e+98 1.214168057641080669e+83 -2.184802057337662085e+00 4.500000000000000000e+01 -9.999999999999999673e+98 -9.999999999999999673e+98 nan
-9.999999999999999673e+98 1.214168057641080669e+83 -2.207274913189720689e+00 4.400000000000000000e+01 -9.999999999999999673e+98 -9.999999999999999673e+98 nan
-9.999999999999999673e+98 1.214168057641080669e+83 -2.230264431414419324e+00 4.300000000000000000e+01 -9.999999999999999673e+98 -9.999999999999999673e+98 nan
-9.999999999999999673e+98 1.214168057641080669e+83 -2.253794928824613297e+00 4.200000000000000000e+01 -9.999999999999999673e+98 -9.999999999999999673e+98 nan
-9.999999999999999673e+98 1.214168057641080669e+83 -2.277892480403673758e+00 4.100000000000000000e+01 -9.999999999999999673e+98 -9.999999999999999673e+98 nan
-9.999999999999999673e+98 1.214168057641080669e+83 -2.302585092994045457e+00 4.000000000000000000e+01 -9.999999999999999673e+98 -9.999999999999999673e+98 nan
-9.999999999999999673e+98 1.214168057641080669e+83 -2.327902900978335410e+00 3.900000000000000000e+01 -9.999999999999999673e+98 -9.999999999999999673e+98 nan
-9.999999999999999673e+98 1.214168057641080669e+83 -2.353878387381596049e+00 3.800000000000000000e+01 -9.999999999999999673e+98 -9.999999999999999673e+98 nan
-9.999999999999999673e+98 1.214168057641080669e+83 -2.380546634463757361e+00 3.700000000000000000e+01 -9.999999999999999673e+98 -9.999999999999999673e+98 nan
-9.999999999999999673e+98 1.214168057641080669e+83 -2.407945608651871794e+00 3.600000000000000000e+01 -9.999999999999999673e+98 -9.999999999999999673e+98 nan
-9.999999999999999673e+98 1.214168057641080669e+83 -2.436116485618568195e+00 3.500000000000000000e+01 -9.999999999999999673e+98 -9.999999999999999673e+98 nan
-9.999999999999999673e+98 1.214168057641080669e+83 -2.465104022491820590e+00 3.400000000000000000e+01 -9.999999999999999673e+98 -9.999999999999999673e+98 nan
-9.999999999999999673e+98 1.214168057641080669e+83 -2.494956985641501923e+00 3.300000000000000000e+01 -9.999999999999999673e+98 -9.999999999999999673e+98 nan
-9.999999999999999673e+98 1.214168057641080669e+83 -2.525728644308255610e+00 3.200000000000000000e+01 -9.999999999999999673e+98 -9.999999999999999673e+98 nan
-9.999999999999999673e+98 1.214168057641080669e+83 -2.557477342622835881e+00 3.100000000000000000e+01 -9.999999999999999673e+98 -9.999999999999999673e+98 nan
-9.999999999999999673e+98 1.214168057641080669e+83 -2.590267165445826691e+00 3.000000000000000000e+01 -9.999999999999999673e+98 -9.999999999999999673e+98 nan
-9.999999999999999673e+98 1.214168057641080669e+83 -2.624168717121508010e+00 2.900000000000000000e+01 -9.999999999999999673e+98 -9.999999999999999673e+98 nan
-9.999999999999999673e+98 1.214168057641080669e+83 -2.659260036932777904e+00 2.800000000000000000e+01 -9.999999999999999673e+98 -9.999999999999999673e+98 nan
-9.999999999999999673e+98 1.214168057641080669e+83 -2.695627681103652584e+00 2.700000000000000000e+01 -9.999999999999999673e+98 -9.999999999999999673e+98 nan
-9.999999999999999673e+98 1.214168057641080669e+83 -2.733368009086499573e+00 2.600000000000000000e+01 -9.999999999999999673e+98 -9.999999999999999673e+98 nan
-9.999999999999999673e+98 1.214168057641080669e+83 -2.772588722239780701e+00 2.500000000000000000e+01 -9.999999999999999673e+98 -9.999999999999999673e+98 nan
-9.999999999999999673e+98 1.214168057641080669e+83 -2.813410716760035957e+00 2.400000000000000000e+01 -9.999999999999999673e+98 -9.999999999999999673e+98 nan
-9.999999999999999673e+98 1.214168057641080669e+83 -2.855970331178832033e+00 2.300000000000000000e+01 -9.999999999999999673e+98 -9.999999999999999673e+98 nan
-9.999999999999999673e+98 1.214168057641080669e+83 -2.900422093749666086e+00 2.200000000000000000e+01 -9.999999999999999673e+98 -9.999999999999999673e+98 nan
-9.999999999999999673e+98 1.214168057641080669e+83 -2.946942109384559139e+00 2.100000000000000000e+01 -9.999999999999999673e+98 -9.999999999999999673e+98 nan
-9.999999999999999673e+98 1.214168057641080669e+83 -2.995732273553991298e+00 2.000000000000000000e+01 -9.999999999999999673e+98 -9.999999999999999673e+98 nan
-9.999999999999999673e+98 1.214168057641080669e+83 -3.047025567941541890e+00 1.900000000000000000e+01 -9.999999999999999673e+98 -9.999999999999999673e+98 nan
-9.999999999999999673e+98 1.214168057641080669e+83 -3.101092789211817635e+00 1.800000000000000000e+01 -9.999999999999999673e+98 -9.999999999999999673e+98 nan
-9.999999999999999673e+98 1.214168057641080669e+83 -3.158251203051766431e+00 1.700000000000000000e+01 -9.999999999999999673e+98 -9.999999999999999673e+98 nan
-9.999999999999999673e+98 1.214168057641080669e+83 -3.218875824868201452e+00 1.600000000000000000e+01 -9.999999999999999673e+98 -9.999999999999999673e+98 nan
-9.999999999999999673e+98 1.214168057641080669e+83 -3.283414346005772533e+00 1.500000000000000000e+01 -9.999999999999999673e+98 -9.999999999999999673e+98 nan
-9.999999999999999673e+98 1.214168057641080669e+83 -3.352407217492724190e+00 1.400000000000000000e+01 -9.999999999999999673e+98 -9.999999999999999673e+98 nan
-9.999999999999999673e+98 1.214168057641080669e+83 -3.426515189646445858e+00 1.300000000000000000e+01 -9.999999999999999673e+98 -9.999999999999999673e+98 nan
-9.999999999999999673e+98 1.214168057641080669e+83 -3.506557897319982242e+00 1.200000000000000000e+01 -9.999999999999999673e+98 -9.999999999999999673e+98 nan
-9.999999999999999673e+98 1.214168057641080669e+83 -3.593569274309611927e+00 1.100000000000000000e+01 -9.999999999999999673e+98 -9.999999999999999673e+98 nan
-9.999999999999999673e+98 1.214168057641080669e+83 -3.688879454113936696e+00 1.000000000000000000e+01 -9.999999999999999673e+98 -9.999999999999999673e+98 nan
-9.999999999999999673e+98 1.214168057641080669e+83 -3.794239969771763032e+00 9.000000000000000000e+00 -9.999999999999999673e+98 -9.999999999999999673e+98 nan
-9.999999999999999673e+98 1.214168057641080669e+83 -3.912023005428146405e+00 8.000000000000000000e+00 -9.999999999999999673e+98 -9.999999999999999673e+98 nan
-9.999999999999999673e+98 1.214168057641080669e+83 -4.045554398052669143e+00 7.000000000000000000e+00 -9.999999999999999673e+98 -9.999999999999999673e+98 nan
-9.999999999999999673e+98 1.214168057641080669e+83 -4.199705077879927195e+00 6.000000000000000000e+00 -9.999999999999999673e+98 -9.999999999999999673e+98 nan
-9.999999999999999673e+98 1.214168057641080669e+83 -4.382026634673882093e+00 5.000000000000000000e+00 -9.999999999999999673e+98 -9.999999999999999673e+98 nan
-9.999999999999999673e+98 1.214168057641080669e+83 -4.605170185988091802e+00 4.000000000000000000e+00 -9.999999999999999673e+98 -9.999999999999999673e+98 nan
-9.999999999999999673e+98 1.214168057641080669e+83 -4.892852258439872593e+00 3.000000000000000000e+00 -9.999999999999999673e+98 -9.999999999999999673e+98 nan
-9.999999999999999673e+98 1.214168057641080669e+83 -5.298317366548037199e+00 2.000000000000000000e+00 -9.999999999999999673e+98 -9.999999999999999673e+98 nan
-9.999999999999999673e+98 1.214168057641080669e+83 -5.298317366548037199e+00 1.000000000000000000e+00 -9.999999999999999673e+98 -9.999999999999999673e+98 nan
