weight logl C sigma mu1 a1 W lam0
1.000000000000000000e+00 -9.999999999999999673e+98 4.972735907711175463e-01 9.341261704644909791e-02 9.250552825818787461e-01 9.474712301385661561e-01
1.000000000000000000e+00 -9.999999999999999673e+98 7.738109012956000399e-01 4.492986073024508586e-01 5.338246259480792233e-01 3.934963846086969586e-02
1.000000000000000000e+00 -9.999999999999999673e+98 4.586486257665264299e-01 8.762682260937515455e-02 7.722636922311142404e-01 6.089071025197334563e-01
1.000000000000000000e+00 -9.999999999999999673e+98 5.466665772591587924e-01 4.840775677328037485e-01 7.343260647976266320e-01 1.661121842098730594e-01
1.000000000000000000e+00 -9.999999999999999673e+98 3.121904740572175596e-01 9.073868516598317946e-01 7.139967479231349445e-01 1.950869231686582772e-01
1.000000000000000000e+00 -9.999999999999999673e+98 5.611337478479384577e-01 6.485146246326229935e-01 1.179400906095151580e-01 6.202551002460104934e-01
1.000000000000000000e+00 -9.999999999999999673e+98 9.283611196227724571e-01 5.914479612497514083e-02 2.391111490579710397e-01 3.347112187865727284e-01
1.000000000000000000e+00 -9.999999999999999673e+98 9.640971387501582335e-01 3.380408254875473251e-01 7.339129277077487412e-01 1.981026968261691001e-01
1.000000000000000000e+00 -9.999999999999999673e+98 7.681976667488924493e-01 7.225389854827078961e-01 3.802398541595664039e-02 7.896031371629700368e-01
1.000000000000000000e+00 -9.999999999999999673e+98 9.727296936361606861e-01 4.678435303808692325e-02 9.328577005916910414e-01 4.609281300801638670e-01
1.000000000000000000e+00 -9.999999999999999673e+98 9.252257875627000194e-01 3.544877182045712560e-01 1.217529165004224145e-01 7.160191001650775267e-01
1.000000000000000000e+00 -9.999999999999999673e+98 4.861799059804461365e-02 1.866095876489328731e-01 8.435905139638072425e-01 9.945118698118862177e-01
1.000000000000000000e+00 -9.999999999999999673e+98 2.044588287337585353e-01 4.399136610190524932e-01 3.112876371068405978e-01 4.850334773495859064e-01
1.000000000000000000e+00 -9.999999999999999673e+98 8.431010424820574167e-01 7.800440208219006077e-02 2.167663335044772710e-01 2.845747555084080505e-01
1.000000000000000000e+00 -9.999999999999999673e+98 6.738321608606751001e-01 4.967997668080321727e-01 3.376444205973013757e-01 7.753177644691506831e-01
1.000000000000000000e+00 -9.999999999999999673e+98 2.349879556469119946e-01 6.942041242318889305e-01 4.042233735607592138e-02 4.791657610412159984e-01
1.000000000000000000e+00 -9.999999999999999673e+98 8.412954383314624751e-01 5.713497877273304715e-01 2.134927304989658881e-01 1.989393315583032340e-01
1.000000000000000000e+00 -9.999999999999999673e+98 2.896838398667701542e-01 4.910623387256669581e-01 5.705470150393796569e-01 4.722224360438507240e-01
1.000000000000000000e+00 -9.999999999999999673e+98 7.880039324775507392e-01 9.172132171904051612e-01 2.676753219552864271e-01 8.197802032205614431e-02
1.000000000000000000e+00 -9.999999999999999673e+98 2.936317427248055223e-01 8.834227389211576353e-01 9.164280820657576543e-01 7.828866245437452465e-01
1.000000000000000000e+00 -9.999999999999999673e+98 9.029302044125575577e-01 5.491467516672656757e-01 1.676456745196550635e-01 2.407182161480606597e-01
1.000000000000000000e+00 -9.999999999999999673e+98 6.122431518900212088e-01 8.309269852638980769e-01 9.641528049824884539e-01 5.267339121533485269e-01
1.000000000000000000e+00 -9.999999999999999673e+98 1.143194929404421911e-01 6.273118133775269500e-01 6.527501428848891951e-02 8.983104554596665903e-02
1.000000000000000000e+00 -9.999999999999999673e+98 4.879719369810731067e-02 6.411543116980134016e-02 8.455741695156757665e-01 6.025906314495023119e-01
1.000000000000000000e+00 -9.999999999999999673e+98 3.170834256981169830e-02 1.957352669105009157e-01 1.632077652833182624e-01 7.432636483450532072e-01
1.000000000000000000e+00 -9.999999999999999673e+98 2.361757667599109212e-01 1.960983120509157684e-01 7.636277920639346073e-01 9.605645894732309786e-01
1.000000000000000000e+00 -9.999999999999999673e+98 9.559903705276600050e-01 5.430130055970591174e-01 7.555455782486510952e-01 3.808380346515323200e-01
1.000000000000000000e+00 -9.999999999999999673e+98 8.213630423188319485e-01 2.497048039741714964e-01 7.206279315203035774e-01 6.392875047100141650e-01
1.000000000000000000e+00 -9.999999999999999673e+98 1.529064577258517632e-01 1.921146512168244724e-01 1.256564245165225913e-01 5.702202801998877968e-01
1.000000000000000000e+00 -9.999999999999999673e+98 8.964657992665804320e-01 7.971646069090612130e-01 9.113094327916603232e-01 7.507424012033260263e-01
1.000000000000000000e+00 -9.999999999999999673e+98 6.455103190679878367e-01 5.758046570185749724e-01 9.544437046204615749e-01 3.506429192207342060e-01
1.000000000000000000e+00 -9.999999999999999673e+98 6.312722566752448916e-02 1.503617980247409225e-01 5.682189205752400385e-01 9.063825879647490202e-01
1.000000000000000000e+00 -9.999999999999999673e+98 7.316563015826940131e-01 5.609937627730764431e-01 7.432768467955970237e-01 1.648206678673020953e-01
1.000000000000000000e+00 -9.999999999999999673e+98 4.545650327216282927e-01 2.269831643910956709e-01 2.637727571034672591e-01 7.022477144211969335e-01
1.000000000000000000e+00 -9.999999999999999673e+98 5.166842764145149758e-01 1.093592927707346396e-01 7.507675205696385801e-01 8.761956458213101540e-01
1.000000000000000000e+00 -9.999999999999999673e+98 6.580715516983871582e-01 8.245868333831350983e-01 8.154446013931225812e-01 9.293063505651352196e-01
1.000000000000000000e+00 -9.999999999999999673e+98 8.550149761121474956e-01 6.124657833572368926e-01 9.683751303536874966e-01 9.076664696270642096e-02
1.000000000000000000e+00 -9.999999999999999673e+98 9.541143135016747490e-01 8.775520518319546159e-01 2.832013357299456580e-02 5.664490162609387980e-01
1.000000000000000000e+00 -9.999999999999999673e+98 2.241942568824293325e-01 4.006987481253406758e-01 8.024404214367721888e-01 9.453675927350102537e-02
1.000000000000000000e+00 -9.999999999999999673e+98 7.494309054414082238e-01 1.799536284499776428e-01 7.533721873112860790e-01 6.198587304074669735e-01
1.000000000000000000e+00 -9.999999999999999673e+98 5.571334101480611700e-01 7.864809899331831611e-01 3.736362775840632588e-01 1.924638700616997378e-01
1.000000000000000000e+00 -9.999999999999999673e+98 8.384998540552669466e-01 5.500294283732477529e-01 1.892549136211443273e-01 7.353569798376583533e-01
1.000000000000000000e+00 -9.999999999999999673e+98 2.184900415739734481e-01 8.830195253354342633e-01 1.571243903923638108e-01 6.620992915615903085e-01
1.000000000000000000e+00 -9.999999999999999673e+98 7.752803734473893149e-01 9.945923504985175745e-01 6.598997841035632028e-01 6.090234897863514574e-01
1.000000000000000000e+00 -9.999999999999999673e+98 1.057912156086965316e-01 4.876840505863124786e-01 8.434427358934015739e-02 6.608572392936666873e-01
1.000000000000000000e+00 -9.999999999999999673e+98 1.420588322184548336e-01 2.379762624973059681e-01 9.903124775133452795e-01 7.540387985826786377e-01
1.000000000000000000e+00 -9.999999999999999673e+98 1.837036957422136796e-01 5.495357820855178987e-01 6.268378178156439606e-01 3.544027730351536620e-01
1.000000000000000000e+00 -9.999999999999999673e+98 8.480043236639938087e-01 5.684850178865489267e-01 5.774031078596548738e-01 7.832218329896932785e-01
1.000000000000000000e+00 -9.999999999999999673e+98 3.440456785440708654e-01 9.195912464799704811e-01 7.289193731362959561e-01 8.432820066997017694e-01
1.000000000000000000e+00 -9.999999999999999673e+98 6.967654042100156486e-01 5.924715988561812807e-01 1.938700604349385959e-02 8.871889432183727164e-01
1.000000000000000000e+00 -9.999999999999999673e+98 5.126004536861088479e-01 3.402153958682119228e-02 6.092637796186539667e-01 7.672556531012748593e-01
1.000000000000000000e+00 -9.999999999999999673e+98 6.560556553789886891e-02 7.946070179520375865e-01 4.845449833589242639e-01 8.247300702791295901e-01
1.000000000000000000e+00 -9.999999999999999673e+98 5.105434831333760526e-01 3.204767627421263310e-01 9.017756880433190902e-01 2.609545776312574006e-01
1.000000000000000000e+00 -9.999999999999999673e+98 8.605090018811227814e-01 4.359066690855852855e-01 3.087281576270963779e-01 7.640450680335192368e-01
1.000000000000000000e+00 -9.999999999999999673e+98 5.407998928356942958e-01 9.065516633093284593e-02 2.355037493311220587e-01 5.281116647507022588e-01
1.000000000000000000e+00 -9.999999999999999673e+98 9.833996749507954993e-01 5.312080535018351979e-01 9.980903606057434096e-02 1.860210161347533031e-01
1.000000000000000000e+00 -9.999999999999999673e+98 2.400381570101550732e-01 1.062691537412309151e-01 3.318261825534744025e-01 1.111296485618890051e-01
1.000000000000000000e+00 -9.999999999999999673e+98 4.759789051772703727e-01 3.109705136873255338e-01 4.392152126250949973e-01 2.647120952043104936e-01
1.000000000000000000e+00 -9.999999999999999673e+98 2.978627401252924578e-01 7.868953790138196736e-01 8.306974328145595443e-01 5.786997646869536105e-01
1.000000000000000000e+00 -9.999999999999999673e+98 4.854986050469638492e-01 3.674282337753488337e-01 8.212874290870232352e-01 5.826787708225726892e-01
1.000000000000000000e+00 -9.999999999999999673e+98 2.985858108928575172e-01 2.458230569248137654e-01 1.726436978454400917e-01 9.655868038427535271e-01
1.000000000000000000e+00 -9.999999999999999673e+98 8.764217458196734700e-01 9.393760486149613786e-01 6.481156609601625984e-01 2.228149435528996580e-01
1.000000000000000000e+00 -9.999999999999999673e+98 5.249527904566714254e-01 9.305351422374460446e-01 5.354633768589102116e-01 3.851549465080069679e-01
1.000000000000000000e+00 -9.999999999999999673e+98 2.099759593374150857e-02 4.385694155155883678e-03 1.330501121069500581e-01 1.960214614762184615e-01
1.000000000000000000e+00 -9.999999999999999673e+98 3.866201936788119520e-01 7.020355598180519907e-01 6.923841156632555283e-01 5.649847898435939042e-01
1.000000000000000000e+00 -9.999999999999999673e+98 4.973728571766037332e-01 9.620604514804982355e-01 3.510983507488598665e-01 6.889180630564412100e-01
1.000000000000000000e+00 -9.999999999999999673e+98 7.596332320856091780e-01 9.541471930493663489e-01 7.373910290132064116e-01 2.660091044485992651e-01
1.000000000000000000e+00 -9.999999999999999673e+98 9.191332153416905681e-01 9.570618997074069600e-01 1.248574715092383158e-01 4.593722396937436336e-01
1.000000000000000000e+00 -9.999999999999999673e+98 9.060634564589479245e-01 5.007552585610951512e-01 6.042065345381152364e-01 3.459663885566747199e-01
1.000000000000000000e+00 -9.999999999999999673e+98 5.098544360318305602e-01 4.646796536485678919e-01 3.689307234690099024e-01 5.780433516151636253e-01
1.000000000000000000e+00 -9.999999999999999673e+98 4.924379764372506241e-01 5.859219215378997925e-01 7.689938950436813192e-01 3.088857319069382434e-02
1.000000000000000000e+00 -9.999999999999999673e+98 9.194584188312987516e-01 3.940054499394081144e-01 9.026344237869452503e-01 2.808935277258121088e-01
1.000000000000000000e+00 -9.999999999999999673e+98 2.192215261137366866e-01 1.426126839877518426e-01 5.064313100460176020e-01 7.794259621099679514e-01
1.000000000000000000e+00 -9.999999999999999673e+98 1.464747780430685209e-01 6.211233525801874711e-01 1.295837011124922888e-01 3.413603252781773900e-01
1.000000000000000000e+00 -9.999999999999999673e+98 5.238250752411492961e-01 4.613091623336016411e-01 2.399100247966470256e-01 6.481345185890012850e-01
1.000000000000000000e+00 -9.999999999999999673e+98 7.667819971211731200e-01 5.097903157142078534e-01 7.130040035637638107e-01 4.079060181766419602e-01
1.000000000000000000e+00 -9.999999999999999673e+98 7.330168908036597264e-01 9.438427027067473052e-01 8.422900660198123779e-01 2.867919931805633649e-01
1.000000000000000000e+00 -9.999999999999999673e+98 1.175088120471280417e-01 8.369074321088972868e-01 1.509088714232241779e-01 2.777496771439902368e-03
1.000000000000000000e+00 -9.999999999999999673e+98 6.302652633396521598e-01 6.687992449978166221e-01 5.196742217675878184e-01 8.374041284663058526e-02
1.000000000000000000e+00 -9.999999999999999673e+98 5.048825231833404814e-01 3.379197441148851233e-01 1.494354595257180174e-01 6.550549212075803540e-01
1.000000000000000000e+00 -9.999999999999999673e+98 8.885043087670152495e-02 4.361194920069332293e-01 4.167914330827249270e-01 3.468178242984959470e-01
1.000000000000000000e+00 -9.999999999999999673e+98 1.737312457702322455e-02 2.083870641790275258e-01 9.282278716219821701e-01 3.320879178249884767e-01
1.000000000000000000e+00 -9.999999999999999673e+98 1.264409463945463941e-01 9.840571758386162937e-02 3.341004368062560070e-01 1.687166961863573178e-02
1.000000000000000000e+00 -9.999999999999999673e+98 7.204682497673329244e-01 4.928742509636255820e-01 6.581961822164295040e-02 4.026085933817931117e-01
1.000000000000000000e+00 -9.999999999999999673e+98 7.309865768462439073e-01 4.861938002616431609e-01 9.172552236418516358e-01 7.299154454980465445e-01
1.000000000000000000e+00 -9.999999999999999673e+98 3.094404538003497906e-01 6.116076659316512787e-01 2.306195096382651633e-01 9.589710792386511029e-01
1.000000000000000000e+00 -9.999999999999999673e+98 5.719260163325449176e-01 3.022706318523253888e-01 1.431259187160611734e-01 4.533897117583034486e-01
1.000000000000000000e+00 -9.999999999999999673e+98 2.005960343953916425e-01 9.828714621746004187e-01 2.196691122309029076e-01 2.093820924717045839e-01
1.000000000000000000e+00 -9.999999999999999673e+98 7.955876684201004245e-01 3.084175972663634191e-01 7.317484255226835987e-01 1.859090980325421860e-01
1.000000000000000000e+00 -9.999999999999999673e+98 7.283693371890086476e-01 1.174266960933210147e-01 6.441520401456766187e-01 7.711726831662796267e-01
1.000000000000000000e+00 -9.999999999999999673e+98 7.465711505989666152e-01 9.429202687316592391e-01 9.965528168972753731e-01 1.100780809722595732e-01
1.000000000000000000e+00 -9.999999999999999673e+98 4.651323924884689376e-01 9.515047417870575730e-01 5.248424713963993904e-01 3.950152082232202266e-01
1.000000000000000000e+00 -9.999999999999999673e+98 4.455018789651389310e-01 1.688994890382338188e-01 7.146345265213186471e-01 9.959410358199907165e-01
1.000000000000000000e+00 -9.999999999999999673e+98 5.614931661345203828e-01 6.026917076988506095e-01 6.614888116967410081e-02 7.529766971839534362e-01
1.000000000000000000e+00 -9.999999999999999673e+98 6.243596688585978383e-01 3.456623685964124171e-01 9.052792386197308083e-01 1.146760250502179002e-01
1.000000000000000000e+00 -9.999999999999999673e+98 3.251858568014230899e-01 2.156562718311150206e-02 8.118173302568115757e-01 3.770397272611657469e-01
1.000000000000000000e+00 -9.999999999999999673e+98 4.437350136103624942e-01 8.269813983751697073e-01 9.234836314227191645e-01 2.483046586361796759e-01
1.000000000000000000e+00 -9.999999999999999673e+98 8.918076096851714762e-01 2.098863658849156044e-01 7.397801119455533758e-01 6.140616323414311850e-01
1.000000000000000000e+00 -9.999999999999999673e+98 8.925938477987371833e-02 1.175886172158421283e-01 8.450831259944791007e-01 5.765480638033171346e-01
1.000000000000000000e+00 -9.999999999999999673e+98 9.413769729717680335e-01 2.709607151021933280e-01 3.483676379532846257e-01 7.451760493822113807e-01
1.000000000000000000e+00 -9.999999999999999673e+98 2.032727330570223145e-01 9.085163753163343348e-01 2.242307618712888750e-01 8.021543737169757327e-01
1.000000000000000000e+00 -9.999999999999999673e+98 4.014509526758160973e-01 1.477612023571336364e-01 9.406346296327532386e-01 9.869166997413001408e-01
1.000000000000000000e+00 -9.999999999999999673e+98 9.058118800414535210e-01 4.069166375553615600e-01 6.462600052346254564e-01 2.459079766993680360e-01
1.000000000000000000e+00 -9.999999999999999673e+98 3.814692405905799610e-01 5.140143943024745310e-01 3.464186286842876328e-01 5.255749455110521051e-01
1.000000000000000000e+00 -9.999999999999999673e+98 7.826182739448173109e-02 5.044262614483137064e-01 9.206591332111082604e-01 5.249475885253762630e-02
1.000000000000000000e+00 -9.999999999999999673e+98 9.521718817433865167e-01 9.040901182433663807e-01 7.307743888952128453e-01 7.160776218681929040e-01
1.000000000000000000e+00 -9.999999999999999673e+98 2.863848911065915992e-01 8.348372639875693002e-01 3.141353861215350207e-01 8.345108340891558285e-01
1.000000000000000000e+00 -9.999999999999999673e+98 2.573618524973049215e-01 6.699998323292990499e-01 7.976231642091027307e-01 2.297106462275575467e-01
1.000000000000000000e+00 -9.999999999999999673e+98 1.998862182041634128e-01 6.498890831388015599e-01 7.394899918597130917e-01 4.179311449828416736e-01
1.000000000000000000e+00 -9.999999999999999673e+98 7.924654178294016083e-01 4.868713113341667231e-01 1.179095261870141131e-01 8.697951688285736616e-01
1.000000000000000000e+00 -9.999999999999999673e+98 5.529037118992831124e-01 4.084836582927298121e-01 7.974556249757376314e-01 9.503211064018454168e-01
1.000000000000000000e+00 -9.999999999999999673e+98 3.727622980925635598e-01 6.764816516458561635e-01 2.585667470522143851e-01 4.951147140392487822e-01
1.000000000000000000e+00 -9.999999999999999673e+98 8.952103290490782683e-01 3.037441213849626509e-01 6.908046265227059113e-01 8.463264400304083557e-01
1.000000000000000000e+00 -9.999999999999999673e+98 1.499861502646870903e-01 2.457910952483554068e-01 6.749148587887076056e-01 8.946641222254936299e-02
1.000000000000000000e+00 -9.999999999999999673e+98 2.601159873844635095e-01 8.855580182450601967e-01 4.199116092785810661e-01 8.031932772088006267e-01
1.000000000000000000e+00 -9.999999999999999673e+98 2.688376917230064223e-01 5.380204967488001477e-01 1.484565638958826872e-01 5.786379482863194257e-01
1.000000000000000000e+00 -9.999999999999999673e+98 5.567783346235997133e-01 6.259829336267518363e-01 9.474254215816811930e-01 8.494555804193066884e-01
1.000000000000000000e+00 -9.999999999999999673e+98 9.327947930379726360e-01 1.732275440665955735e-01 4.295383044675499251e-01 9.854234661607084167e-01
1.000000000000000000e+00 -9.999999999999999673e+98 9.966465778466815362e-01 9.297513957764476089e-01 2.596738404575965609e-01 6.892931578569216899e-02
1.000000000000000000e+00 -9.999999999999999673e+98 7.749952730957623270e-01 6.184540384206583807e-01 6.174178953842036632e-01 9.518167285664093091e-01
1.000000000000000000e+00 -9.999999999999999673e+98 4.324274071783484885e-01 3.310730033305804287e-01 3.987699925848257054e-01 5.076554443227827562e-01
1.000000000000000000e+00 -9.999999999999999673e+98 1.884944607008720574e-02 5.679237260196576820e-01 8.895099749387649357e-01 3.328415897706715754e-01
1.000000000000000000e+00 -9.999999999999999673e+98 5.356627754279057463e-01 7.096118483506286267e-02 7.433453109889170962e-01 9.163419721443775146e-01
1.000000000000000000e+00 -9.999999999999999673e+98 2.576615723996095175e-01 6.228168661530693040e-01 3.435081610102429517e-01 6.607363317744436859e-01
1.000000000000000000e+00 -9.999999999999999673e+98 9.220930783099097194e-01 9.725340477010463447e-01 1.038058172349443087e-02 3.401176348865009302e-02
1.000000000000000000e+00 -9.999999999999999673e+98 7.617807908359611746e-01 8.527674652830156132e-01 9.118671701956103659e-01 6.768854306014310263e-01
1.000000000000000000e+00 -9.999999999999999673e+98 8.617918984045803699e-01 4.456925593940251895e-01 9.251348939368112534e-01 6.955224594636648661e-01
1.000000000000000000e+00 -9.999999999999999673e+98 1.266582634501212112e-01 1.403378883774937247e-01 4.084721963514497123e-01 9.219814988570409486e-01
1.000000000000000000e+00 -9.999999999999999673e+98 5.009798120477350070e-01 3.180129637154106570e-01 5.250616193939079412e-01 3.445287200767325198e-01
1.000000000000000000e+00 -9.999999999999999673e+98 7.748201876448566061e-01 8.464362842493083905e-01 1.733405276143396012e-01 8.543561436405116005e-01
1.000000000000000000e+00 -9.999999999999999673e+98 9.984877756240531088e-01 8.365561804089106657e-01 9.696045668930534100e-01 6.111367702424521653e-01
1.000000000000000000e+00 -9.999999999999999673e+98 5.600991045473157071e-01 9.696923459644301024e-01 3.796102390158569984e-01 8.148121505124847896e-01
1.000000000000000000e+00 -9.999999999999999673e+98 1.549048591933688268e-02 8.885851554090187232e-01 2.963053586443047394e-01 3.008576709069573640e-01
1.000000000000000000e+00 -9.999999999999999673e+98 9.847108699512701069e-01 3.147420607399908921e-01 3.895929561877267133e-01 4.051925123463915313e-01
1.000000000000000000e+00 -9.999999999999999673e+98 1.774369247964258101e-01 9.717397569878349906e-01 8.992436400656125262e-01 2.529042604388502813e-01
1.000000000000000000e+00 -9.999999999999999673e+98 6.474296564758269534e-01 4.486574438365811268e-01 9.963890128441710292e-02 9.566911300309648425e-01
1.000000000000000000e+00 -9.999999999999999673e+98 5.210138715608625404e-01 8.984365325355969656e-02 6.748349131701741888e-01 2.939397830307768356e-01
1.000000000000000000e+00 -9.999999999999999673e+98 9.573883027096685705e-02 5.346434231316884444e-01 4.339203516675209649e-01 9.923615914302533758e-01
1.000000000000000000e+00 -9.999999999999999673e+98 3.531773565636788792e-01 5.945626922536212389e-01 4.968423519259733689e-01 2.207117729473840884e-01
1.000000000000000000e+00 -9.999999999999999673e+98 7.131380730258739531e-01 3.712619667781358324e-01 5.597939764611501445e-01 8.672502371768493479e-01
1.000000000000000000e+00 -9.999999999999999673e+98 3.057788393163120011e-01 2.799359159021741483e-02 6.137597513731541943e-01 3.155260919060794977e-01
1.000000000000000000e+00 -9.999999999999999673e+98 2.993817255496464824e-01 4.657290348538638547e-01 9.496369370558389589e-01 2.719754327599948063e-01
1.000000000000000000e+00 -9.999999999999999673e+98 7.506488383649140284e-01 9.472695406547482211e-01 2.027075343563849996e-01 5.866316414146318658e-01
1.000000000000000000e+00 -9.999999999999999673e+98 3.267597956094095979e-01 1.805934036365854922e-01 5.704263693899609411e-01 4.255214369459677792e-01
1.000000000000000000e+00 -9.999999999999999673e+98 7.199469879926747584e-01 2.079387514527621938e-01 4.360826680808189693e-01 3.580634284907441289e-01
1.000000000000000000e+00 -9.999999999999999673e+98 7.159159274862365585e-01 6.371385127881269428e-01 9.057993278402333148e-01 2.799066628897965980e-01
1.000000000000000000e+00 -9.999999999999999673e+98 6.794502565127898963e-01 9.198765907522221674e-03 9.292317439378968702e-01 9.426815307358582530e-01
1.000000000000000000e+00 -9.999999999999999673e+98 1.002186674967942004e-01 3.694705680971523964e-01 1.919032938953175726e-01 2.180245853006389511e-01
1.000000000000000000e+00 -9.999999999999999673e+98 9.070433860193451991e-01 5.734308011684934314e-01 2.523214735366944295e-01 5.423727289709145971e-01
1.000000000000000000e+00 -9.999999999999999673e+98 7.124441198409617870e-01 9.770110796052348112e-01 6.890995634322411023e-01 1.087296547615991260e-01
1.000000000000000000e+00 -9.999999999999999673e+98 3.056363918789406497e-02 6.309768520440044437e-01 9.508150102831979256e-01 9.187153995835826148e-01
1.000000000000000000e+00 -9.999999999999999673e+98 8.620293394162700240e-01 2.418549950824046002e-01 6.257550379392868845e-01 2.925842907360490797e-01
1.000000000000000000e+00 -9.999999999999999673e+98 4.661308814936717670e-01 5.471247692336902446e-01 9.096472278667367961e-01 4.001795366358618100e-02
1.000000000000000000e+00 -9.999999999999999673e+98 6.132809638483140979e-01 7.607879712522837012e-01 7.477390796880389878e-01 6.434339681819128964e-01
1.000000000000000000e+00 -9.999999999999999673e+98 9.126996816605070784e-02 1.166423511007489422e-01 4.073645502644486216e-01 4.782267511983991914e-01
1.000000000000000000e+00 -9.999999999999999673e+98 6.747486906454449596e-01 4.427437860970532268e-01 4.451685935007571038e-01 3.739536601995062659e-01
1.000000000000000000e+00 -9.999999999999999673e+98 9.613102890987628157e-01 9.196995299531229850e-02 1.950301120359539953e-01 9.679578431705598840e-01
1.000000000000000000e+00 -9.999999999999999673e+98 9.986079872132269664e-01 9.545396170911338851e-01 6.194697975307451587e-01 1.390236304362241215e-01
1.000000000000000000e+00 -9.999999999999999673e+98 2.705169399784490558e-03 9.218731145778017444e-01 8.265270304293074188e-01 6.008648827587377284e-01
1.000000000000000000e+00 -9.999999999999999673e+98 4.547732935715578240e-01 4.053659390540876872e-01 5.852502165721977789e-01 7.150488224226020373e-01
1.000000000000000000e+00 -9.999999999999999673e+98 6.151837735474030566e-02 5.018842888419816628e-02 2.374826595810564100e-03 4.804670057736357691e-01
1.000000000000000000e+00 -9.999999999999999673e+98 7.853744251770613527e-01 2.159829446024638111e-01 9.488753982856970026e-01 6.144883519394951366e-01
1.000000000000000000e+00 -9.999999999999999673e+98 8.914598205767720884e-02 2.112235820312097223e-01 7.397993079820941453e-02 8.421440026885025354e-01
1.000000000000000000e+00 -9.999999999999999673e+98 3.542196176207962344e-01 8.901160669625706179e-01 9.584951926954216050e-01 3.942425763304964192e-01
1.000000000000000000e+00 -9.999999999999999673e+98 2.864866434789204996e-01 4.778111288125590495e-01 8.944464048073210716e-01 2.787984296284345964e-01
1.000000000000000000e+00 -9.999999999999999673e+98 8.832008141834039039e-01 6.397865361305250520e-01 4.462445645643053904e-02 5.968923891787987213e-01
1.000000000000000000e+00 -9.999999999999999673e+98 5.667233797785340421e-01 7.829348018147711530e-01 4.066288536989096647e-01 4.702403097767916540e-01
1.000000000000000000e+00 -9.999999999999999673e+98 6.347370421008544650e-01 6.952658823150238421e-01 7.380062926138810653e-01 8.331966483230209830e-01
1.000000000000000000e+00 -9.999999999999999673e+98 4.618852701038678177e-02 5.911176409824064892e-01 2.722863973131913751e-01 5.913326745256114458e-01
1.000000000000000000e+00 -9.999999999999999673e+98 1.972345265071996367e-01 5.122319596655825480e-01 2.512413340464140221e-01 4.441819799362983767e-01
1.000000000000000000e+00 -9.999999999999999673e+98 3.199424591774836513e-01 1.633064605361738142e-01 7.992507705602672763e-01 2.430943680187573896e-01
1.000000000000000000e+00 -9.999999999999999673e+98 8.095692418451552186e-01 4.318976218137361434e-01 2.895818017986764303e-01 7.155274487052243337e-02
1.000000000000000000e+00 -9.999999999999999673e+98 6.905372591518714742e-01 2.275527667316529223e-01 4.707269768201307603e-01 5.229137545183034641e-01
1.000000000000000000e+00 -9.999999999999999673e+98 1.841518748984402043e-01 2.819955791387198651e-01 4.107805192490303625e-01 8.782010781508163832e-01
1.000000000000000000e+00 -9.999999999999999673e+98 1.503401861010593699e-01 8.105443059612917889e-01 9.559723783087175075e-01 8.197088744496306978e-01
1.000000000000000000e+00 -9.999999999999999673e+98 4.595593725797831874e-01 8.523148079812489231e-01 6.886668851043944439e-01 6.961381747165088507e-01
1.000000000000000000e+00 -9.999999999999999673e+98 8.937557471218193772e-02 6.596471373571243246e-01 9.221100280716745257e-01 2.258908951845436386e-01
1.000000000000000000e+00 -9.999999999999999673e+98 8.561012775651799522e-02 3.122705756768098251e-01 7.926891217027445258e-01 5.711129189493827640e-01
1.000000000000000000e+00 -9.999999999999999673e+98 3.506888155716980648e-01 1.832107494808689063e-01 9.927999343226786566e-01 5.668593709298686001e-02
1.000000000000000000e+00 -9.999999999999999673e+98 4.163920003338930087e-01 1.962803167564683982e-01 1.372613387036349941e-01 3.847598594887990942e-01
1.000000000000000000e+00 -9.999999999999999673e+98 9.795081671559247027e-01 9.069890848857280474e-01 3.282091842833745332e-01 6.408096367961028106e-01
1.000000000000000000e+00 -9.999999999999999673e+98 9.031584797166181122e-01 8.282005718449811926e-01 8.129004784326083755e-01 1.174101382771882696e-01
1.000000000000000000e+00 -9.999999999999999673e+98 8.722773124580758264e-01 6.262205987052297251e-01 6.594306561406153566e-01 8.258100879968865993e-01
1.000000000000000000e+00 -9.999999999999999673e+98 3.450556999066761721e-01 7.011020343901420704e-01 5.767300560814703214e-02 3.417629090017396676e-01
1.000000000000000000e+00 -9.999999999999999673e+98 9.962654947191275090e-01 8.018657461043777746e-01 5.620697044452697133e-01 6.573648080915103220e-01
1.000000000000000000e+00 -9.999999999999999673e+98 4.135009891186752773e-01 7.906091954398825061e-01 7.882616009759169096e-02 4.655600199784620807e-01
1.000000000000000000e+00 -9.999999999999999673e+98 9.946137408993116491e-02 6.949914037931215205e-01 1.112570594664609169e-01 1.806419068972854314e-01
1.000000000000000000e+00 -9.999999999999999673e+98 7.882238135028648562e-01 6.271854614869439848e-01 7.656372328354210666e-02 3.390904119881577028e-01
1.000000000000000000e+00 -9.999999999999999673e+98 9.518402742872138500e-01 7.722863717202167466e-01 9.004854500317402977e-01 4.905507482033245603e-01
1.000000000000000000e+00 -9.999999999999999673e+98 5.561534849785565449e-02 7.692563914742008846e-01 7.745760066674082234e-01 3.640170225935368542e-01
1.000000000000000000e+00 -9.999999999999999673e+98 8.143758911178644588e-01 6.562065642319757641e-01 9.184041334703730852e-01 1.436130032562301651e-01
1.000000000000000000e+00 -9.999999999999999673e+98 5.278151981710910157e-02 9.977299455232314651e-01 2.603888775279105117e-01 8.353981570050529326e-01
1.000000000000000000e+00 -9.999999999999999673e+98 2.453094596901276292e-01 5.416706094410339567e-02 3.548198850649464386e-02 8.013420312490253661e-01
1.000000000000000000e+00 -9.999999999999999673e+98 1.300413091201526594e-01 9.176682926652294237e-01 2.929003202017491647e-01 2.574714664813937404e-01
1.000000000000000000e+00 -9.999999999999999673e+98 6.684975014579774832e-01 8.064265683140202645e-01 7.203533992300892308e-02 8.360333429753841195e-03
1.000000000000000000e+00 -9.999999999999999673e+98 1.834829953589312002e-02 5.142301787777360245e-01 4.426668345183819575e-01 2.458205252622209791e-01
1.000000000000000000e+00 -9.999999999999999673e+98 8.619542965768269838e-01 8.265269302570293908e-01 6.500747054597015850e-01 6.754305747807222149e-01
1.000000000000000000e+00 -9.999999999999999673e+98 4.561989890971295258e-01 4.243766877046478703e-01 4.190536839949516867e-01 1.157220397684528557e-01
1.000000000000000000e+00 -9.999999999999999673e+98 5.950486459633205216e-01 3.606150314211524766e-01 8.422547181187460819e-01 4.527939245221240805e-01
1.000000000000000000e+00 -9.999999999999999673e+98 2.463265871858141276e-01 8.187271536836147057e-01 3.440663464809153860e-01 1.042522320700923766e-01
1.000000000000000000e+00 -9.999999999999999673e+98 8.653963836187970049e-01 1.077497172112099610e-01 5.168438474406792382e-01 9.905252663322710038e-01
1.000000000000000000e+00 -9.999999999999999673e+98 4.904899107847394690e-01 5.614644758178549688e-01 9.703184913739677508e-01 7.827995291768701236e-01
1.000000000000000000e+00 -9.999999999999999673e+98 9.511533518286418021e-01 1.907858509080208043e-01 2.890423012909719702e-01 9.381599676690519640e-01
1.000000000000000000e+00 -9.999999999999999673e+98 5.572951839586380851e-01 7.403529739567263901e-01 5.449995476698689112e-01 1.241096497614280203e-01
1.000000000000000000e+00 -9.999999999999999673e+98 9.490835408908502302e-01 5.302350590573835509e-01 1.552607392280219711e-01 2.699602747964824356e-01
1.000000000000000000e+00 -9.999999999999999673e+98 2.604703849962157758e-01 6.133381564395292695e-01 8.721700583311142729e-01 3.587329372736042243e-01
1.000000000000000000e+00 -9.999999999999999673e+98 9.134081792758708129e-01 4.230946232869703394e-02 7.656544010551065149e-01 5.154588633134152831e-01
1.000000000000000000e+00 -9.999999999999999673e+98 6.311862444388516291e-02 7.577937606392078917e-01 4.553062062895394391e-01 8.968213456396079142e-02
1.000000000000000000e+00 -9.999999999999999673e+98 7.998237574089249735e-01 1.728464316990687699e-01 5.810475420631606713e-01 4.123463298898037976e-01
1.000000000000000000e+00 -9.999999999999999673e+98 8.215887865174337223e-01 6.880143362034685239e-03 9.605513486649870369e-01 8.539390828159529878e-01
1.000000000000000000e+00 -9.999999999999999673e+98 1.987667930163626862e-01 5.263703960128862658e-02 4.313084197210669268e-01 3.130674186142057280e-01
1.000000000000000000e+00 -9.999999999999999673e+98 8.931726576668514994e-01 6.128716245584593381e-01 6.747997850761235927e-01 1.396894768516632190e-02
1.000000000000000000e+00 -9.999999999999999673e+98 1.709436359037316278e-01 3.998215069291988222e-01 6.737577568211779999e-01 6.875512618887724692e-01
1.000000000000000000e+00 -9.999999999999999673e+98 4.364151415323488381e-01 6.340654653016939424e-01 9.543198126444122353e-01 2.364734977410168915e-01
1.000000000000000000e+00 -9.999999999999999673e+98 9.948125912563280382e-01 7.431436028488493939e-01 4.544400059156356031e-01 6.224914370362923943e-01
1.000000000000000000e+00 -9.999999999999999673e+98 2.639112831123218150e-01 7.104484919519439279e-01 4.348220631394442703e-01 5.845130828612651319e-01
1.000000000000000000e+00 -9.999999999999999673e+98 3.909700079279831986e-01 4.999239099374109818e-01 2.527608033566757229e-01 6.570696736070613664e-02
1.000000000000000000e+00 -9.999999999999999673e+98 1.099451301332290409e-01 2.914709027271703556e-01 1.862561421361601521e-01 3.613769390167798079e-01
1.000000000000000000e+00 -9.999999999999999673e+98 3.417795967340035990e-01 9.954017257939922203e-01 8.424520202567771232e-01 5.072242599698854049e-01
1.000000000000000000e+00 -9.999999999999999673e+98 8.251125530383280893e-01 1.377593034692954355e-01 5.525356729195082250e-01 9.954434771271863935e-01
1.000000000000000000e+00 -9.999999999999999673e+98 8.689394698982544352e-01 1.771288785818059264e-01 3.665083413231153830e-01 5.338470453975094898e-01
1.000000000000000000e+00 -9.999999999999999673e+98 3.803627708089322157e-01 3.225729698517424415e-01 1.271614215655947344e-01 2.373125620876505026e-01
1.000000000000000000e+00 -9.999999999999999673e+98 9.303126034905946362e-01 9.576573093166904638e-01 1.015832635566277231e-01 4.591483754600479417e-01
1.000000000000000000e+00 -9.999999999999999673e+98 3.756878652784253481e-01 4.193903370499920680e-01 5.496576309972113217e-01 4.091371761624826853e-01
1.000000000000000000e+00 -9.999999999999999673e+98 2.581520180739456105e-01 7.495723210366943556e-01 4.725801978637576006e-01 7.735108769951152263e-01
1.000000000000000000e+00 -9.999999999999999673e+98 1.726254458809517445e-02 4.926952457941224939e-01 1.663712006578773606e-01 7.820221850780895156e-01
1.000000000000000000e+00 -9.999999999999999673e+98 4.174520428947541273e-01 5.155646954427192119e-01 7.964175120714638290e-01 1.031503691372149811e-01
1.000000000000000000e+00 -9.999999999999999673e+98 1.529326193757085672e-01 7.375252763245077059e-01 4.381465351771365313e-01 7.496686647474996024e-01
1.000000000000000000e+00 -9.999999999999999673e+98 8.672592610202565222e-01 4.196518101235878762e-01 4.638260562625268202e-01 2.064885131081198866e-01
1.000000000000000000e+00 -9.999999999999999673e+98 5.114851947770501228e-01 8.432840562841550369e-01 9.061431549407473751e-01 8.078455866463760682e-01
1.000000000000000000e+00 -9.999999999999999673e+98 1.022278515782519825e-01 6.899770289572715321e-02 2.821461270998053550e-01 8.489281296917250419e-02
1.000000000000000000e+00 -9.999999999999999673e+98 7.779116809612248717e-01 1.711564876469920948e-01 2.607751241064641956e-01 6.246295326250771440e-01
1.000000000000000000e+00 -9.999999999999999673e+98 8.042516279612498264e-01 8.233975280248744255e-01 8.847172655151250842e-01 9.001033930046995479e-01
1.000000000000000000e+00 -9.999999999999999673e+98 5.215238253007116187e-01 8.150380762774717125e-01 5.298777987700198366e-01 9.112573829769199385e-02
1.000000000000000000e+00 -9.999999999999999673e+98 1.060740835467526288e-01 1.960686595021193801e-01 7.437544888595064574e-01 1.434989094325758163e-01
1.000000000000000000e+00 -9.999999999999999673e+98 7.050657280922907333e-01 5.808099374778614710e-01 2.269905140153349876e-02 1.098564824590944067e-01
1.000000000000000000e+00 -9.999999999999999673e+98 5.975262723461182146e-01 3.072036035767385931e-01 8.494750865689093544e-02 7.228527227606189598e-01
1.000000000000000000e+00 -9.999999999999999673e+98 7.805948775333597656e-01 7.471463894216736623e-01 9.990877365793526810e-02 8.332320217561628439e-01
1.000000000000000000e+00 -9.999999999999999673e+98 6.776075706999168391e-01 1.085469060026723609e-01 6.603822669991914474e-01 8.922331991318577238e-01
1.000000000000000000e+00 -9.999999999999999673e+98 4.650389759739859130e-03 9.968990182484150919e-01 1.327971117905529796e-01 2.167417609956300284e-01
1.000000000000000000e+00 -9.999999999999999673e+98 8.267629282912724031e-01 8.214993113225037558e-01 8.368294472530890538e-02 4.698595758169638037e-01
1.000000000000000000e+00 -9.999999999999999673e+98 7.078220451962007331e-01 1.963591490646853233e-01 2.205717341203263793e-01 2.240958216204674835e-01
1.000000000000000000e+00 -9.999999999999999673e+98 4.253165910085142665e-01 5.357202869100325948e-01 4.273412975659364177e-01 2.441566761505904459e-01
1.000000000000000000e+00 -9.999999999999999673e+98 3.837015921141958552e-01 1.851922071124145752e-01 5.387098701679455814e-01 4.287424933899901536e-01
1.000000000000000000e+00 -9.999999999999999673e+98 1.466927120934247153e-02 2.505117429234398063e-01 2.117547616422096324e-01 4.721937374611968607e-01
1.000000000000000000e+00 -9.999999999999999673e+98 3.711663111592119479e-01 8.972888382362281812e-01 3.169341785447732374e-02 5.668738911875808029e-01
1.000000000000000000e+00 -9.999999999999999673e+98 7.522223603333222375e-01 6.258698304294060266e-01 5.363072955446013257e-02 4.348928416744469727e-01
1.000000000000000000e+00 -9.999999999999999673e+98 1.156946522834928492e-01 2.697589810053211412e-01 8.182460038929443291e-01 7.006864717203924453e-01
1.000000000000000000e+00 -9.999999999999999673e+98 6.319887904911698495e-01 4.584091102223548653e-01 3.733617212949884578e-01 5.378017451616534661e-02
1.000000000000000000e+00 -9.999999999999999673e+98 2.191461896441605495e-01 1.935595546232800057e-01 8.211684750916772302e-01 8.345694280677770083e-01
1.000000000000000000e+00 -9.999999999999999673e+98 7.980119882009174548e-01 1.506584839608825499e-01 1.343374296018499114e-01 3.977633625514734872e-01
1.000000000000000000e+00 -9.999999999999999673e+98 7.293998033663922076e-01 8.295871526182625466e-01 9.087432583057413193e-01 8.815373866860677365e-01
1.000000000000000000e+00 -9.999999999999999673e+98 8.151144210608686214e-01 6.772218751988352547e-01 3.000531908525194691e-02 9.807263816515650046e-01
1.000000000000000000e+00 -9.999999999999999673e+98 9.548077820469204058e-01 2.525957109265442035e-02 2.945619118529043678e-01 8.955636917606760727e-01
1.000000000000000000e+00 -9.999999999999999673e+98 9.622579708987784031e-01 3.407868840549355127e-01 8.830476155410608152e-01 4.501901543798919603e-01
1.000000000000000000e+00 -9.999999999999999673e+98 5.990189637445932913e-01 4.966333104093191286e-01 6.812832025247754775e-01 6.285706725369859527e-01
1.000000000000000000e+00 -9.999999999999999673e+98 2.590183363070553968e-01 2.232039444288479446e-01 9.125879482213907767e-01 5.559530068783058443e-02
1.000000000000000000e+00 -9.999999999999999673e+98 4.170778676401243334e-01 3.773353317497148973e-01 2.477541766653732491e-01 3.865838205284092277e-01
1.000000000000000000e+00 -9.999999999999999673e+98 8.571177584858867826e-01 7.674696784020096363e-02 2.545066223691382357e-01 4.489598557023970482e-01
1.000000000000000000e+00 -9.999999999999999673e+98 5.248865824595586593e-01 9.989493989727513679e-01 1.108081879242142076e-01 7.748649703235654940e-02
1.000000000000000000e+00 -9.999999999999999673e+98 4.023009243284575431e-01 1.440720878591055243e-01 9.771703364969129835e-01 6.266646246850714475e-01
1.000000000000000000e+00 -9.999999999999999673e+98 3.621154582864818394e-01 1.908342621422620677e-02 2.750416099615027310e-01 4.944842516936664989e-01
1.000000000000000000e+00 -9.999999999999999673e+98 4.610682003899035930e-02 6.598522815229308502e-01 7.839841781472601800e-01 8.160334934743022073e-01
1.000000000000000000e+00 -9.999999999999999673e+98 7.448195814415136118e-01 8.790728428340104372e-01 7.017527962438717681e-01 5.057311569842688481e-01
1.000000000000000000e+00 -9.999999999999999673e+98 1.107504782686146161e-01 4.130934698588443199e-01 2.696275032135265759e-01 5.271599478900541591e-01
1.000000000000000000e+00 -9.999999999999999673e+98 8.408197580613655520e-01 1.749251361479614575e-01 5.312656229273886588e-01 7.664597287795001934e-01
1.000000000000000000e+00 -9.999999999999999673e+98 2.830134520419913535e-03 2.798814982649195926e-01 4.747733659827383379e-01 7.004131552007478723e-01
1.000000000000000000e+00 -9.999999999999999673e+98 8.045049979490381808e-02 3.309890225063933933e-01 9.624220280890249946e-02 7.883077994086478135e-01
1.000000000000000000e+00 -9.999999999999999673e+98 4.433139775409397076e-01 9.332625298135173164e-01 7.453038065611513607e-01 3.237407926068099906e-01
1.000000000000000000e+00 -9.999999999999999673e+98 3.001357377183410113e-01 5.793914654975282907e-01 7.673308790563202475e-01 6.859166493418340504e-01
1.000000000000000000e+00 -9.999999999999999673e+98 6.886814399430515321e-01 5.648845893453096068e-01 9.727997357190344418e-01 4.407324016244060783e-01
1.000000000000000000e+00 -9.999999999999999673e+98 8.738912794312531096e-01 4.867359549449563616e-01 9.700681685831206158e-01 8.418628152735124770e-01
1.000000000000000000e+00 -9.999999999999999673e+98 2.608838646854637622e-01 1.498016219606082000e-01 7.521724688757467359e-01 4.228243129087275731e-01
1.000000000000000000e+00 -9.999999999999999673e+98 9.717486608524149583e-01 3.849125792655535561e-01 6.147102294763771013e-01 3.243950988210907438e-01
1.000000000000000000e+00 -9.999999999999999673e+98 9.607145982737523848e-01 4.526063658455593552e-01 5.730187511908525488e-01 3.865944612967138205e-01
1.000000000000000000e+00 -9.999999999999999673e+98 7.749439361551953009e-01 8.474308968582452417e-01 5.546826940212490342e-01 1.962895471654633184e-01
1.000000000000000000e+00 -9.999999999999999673e+98 8.185284003936660335e-01 7.306266934870160323e-01 1.270204188406207635e-01 6.072082528319835415e-01
1.000000000000000000e+00 -9.999999999999999673e+98 6.889840891592013961e-02 2.531220990001525895e-02 3.731196691336257087e-01 1.360889925215257312e-01
1.000000000000000000e+00 -9.999999999999999673e+98 2.309893289872481104e-01 4.898156862230925723e-01 7.184319463278442397e-01 6.488138557327396416e-01
1.000000000000000000e+00 -9.999999999999999673e+98 1.437392626836037079e-01 3.798307595428386252e-01 1.273913267472368549e-01 7.782321078228422451e-01
1.000000000000000000e+00 -9.999999999999999673e+98 1.342174497434971414e-01 8.789834398989386788e-01 4.803047720566631096e-01 1.572956977339509121e-01
1.000000000000000000e+00 -9.999999999999999673e+98 1.724061879049942902e-03 9.067902376786296514e-01 7.491355901745322399e-01 4.716735780490033392e-01
1.000000000000000000e+00 -9.999999999999999673e+98 7.196089667180989302e-01 2.862876761503835299e-01 7.911751483715360189e-01 8.055641956956705041e-02
1.000000000000000000e+00 -9.999999999999999673e+98 9.434631133446093054e-01 6.742437369675969849e-01 3.247565982510697280e-01 6.383087171083384748e-01
1.000000000000000000e+00 -9.999999999999999673e+98 1.075671066568546497e-01 2.558597940411316829e-01 9.733021023585737286e-01 8.050396271894078026e-02
1.000000000000000000e+00 -9.999999999999999673e+98 8.202000623061056483e-01 1.830303890166820047e-01 3.763948863851285243e-01 3.639135204530374867e-02
1.000000000000000000e+00 -9.999999999999999673e+98 5.516067475380048712e-01 3.103143256757180390e-01 2.088513950620555226e-01 3.580932432443496571e-01
1.000000000000000000e+00 -9.999999999999999673e+98 2.326267772158663316e-01 6.113449216725878044e-01 4.932284786307472579e-02 1.210600394369480970e-01
1.000000000000000000e+00 -9.999999999999999673e+98 7.714124158281245869e-01 7.589973756583638931e-01 7.261995873932645118e-01 2.817192258285077244e-01
1.000000000000000000e+00 -9.999999999999999673e+98 1.496119914992626310e-01 1.844197443911426149e-01 3.576453367581994280e-01 1.207966975447709590e-01
1.000000000000000000e+00 -9.999999999999999673e+98 2.311554912408749773e-01 3.117797642811737102e-02 1.221544245417343078e-01 4.382214376857340721e-01
1.000000000000000000e+00 -9.999999999999999673e+98 7.948902703638219824e-01 7.137797743906035830e-01 2.609775157724922856e-01 7.156877572513042907e-02
1.000000000000000000e+00 -9.999999999999999673e+98 2.406685352696374958e-01 8.643626326784392688e-03 1.053799154003056682e-01 1.422246385157353021e-01
1.000000000000000000e+00 -9.999999999999999673e+98 7.974906380566225694e-01 8.771170238490829663e-01 6.963724118900473936e-01 2.128263886155687956e-01
1.000000000000000000e+00 -9.999999999999999673e+98 2.988714685249157510e-01 9.471620102752759118e-01 5.436301347984728860e-01 1.641183990772110413e-02
1.000000000000000000e+00 -9.999999999999999673e+98 8.191656404553200321e-01 8.186452692852160817e-01 5.976218763349325780e-01 4.318501238317983271e-01
1.000000000000000000e+00 -9.999999999999999673e+98 1.426811993952636914e-01 4.219656327126627415e-01 4.603680445050916115e-01 2.220661599336672953e-01
1.000000000000000000e+00 -9.999999999999999673e+98 6.542897836559394831e-01 3.059288803600712647e-02 7.552656076305753752e-01 6.975160050741057161e-01
1.000000000000000000e+00 -9.999999999999999673e+98 7.059004677405552597e-01 8.049107470320890911e-01 6.150686848269757423e-01 9.079553010779728428e-02
1.000000000000000000e+00 -9.999999999999999673e+98 3.114626615049422842e-01 7.325635093419181620e-01 5.875401856785186228e-01 4.925323705686946996e-01
1.000000000000000000e+00 -9.999999999999999673e+98 7.546194176664905440e-01 5.566160475917532047e-01 3.246971177208951564e-01 3.967676646001117025e-01
1.000000000000000000e+00 -9.999999999999999673e+98 4.255126440522759568e-01 6.554089254344930282e-01 7.597451618101980220e-01 6.363359185238168791e-01
1.000000000000000000e+00 -9.999999999999999673e+98 2.941764213130930727e-01 4.859429942243852496e-01 8.123245843992501491e-01 1.351532720524247777e-01
1.000000000000000000e+00 -9.999999999999999673e+98 6.624682942188075963e-02 5.185451608703608439e-01 6.351091717399685033e-01 2.600481169848984919e-01
1.000000000000000000e+00 -9.999999999999999673e+98 5.645234605289013441e-01 5.612647300051539778e-01 9.085734081023203457e-01 6.207539160435525671e-01
1.000000000000000000e+00 -9.999999999999999673e+98 7.395845278418176072e-01 2.044459309662591817e-01 6.473212208775246390e-01 5.478333085885065401e-01
1.000000000000000000e+00 -9.999999999999999673e+98 8.168717561785441283e-01 6.605739900371261353e-01 5.097447113733796220e-01 4.538810234336045912e-01
1.000000000000000000e+00 -9.999999999999999673e+98 6.873544095906543028e-01 2.243328133615095643e-01 6.842544913374860593e-01 3.284965934060755099e-01
1.000000000000000000e+00 -9.999999999999999673e+98 6.317607051418800967e-01 9.057778220983988549e-01 1.452045544033141455e-01 6.165759109450732467e-01
1.000000000000000000e+00 -9.999999999999999673e+98 6.988362015740032795e-01 3.779339423957017718e-02 5.310208807054790370e-01 7.441232511818226536e-01
1.000000000000000000e+00 -9.999999999999999673e+98 8.013691088268092289e-01 9.285547750691737212e-01 7.796231545294752818e-01 7.434364905995960449e-02
1.000000000000000000e+00 -9.999999999999999673e+98 6.885810949744629594e-01 3.633421799831282328e-02 6.418961618769013500e-01 2.330313302016643329e-01
1.000000000000000000e+00 -9.999999999999999673e+98 1.899313170505405601e-01 3.703944211472511849e-01 6.253667948199786997e-01 9.914215834319615173e-01
1.000000000000000000e+00 -9.999999999999999673e+98 6.299085182495088864e-01 2.410434767474350926e-01 1.606738622652741366e-01 3.274583073137502520e-01
1.000000000000000000e+00 -9.999999999999999673e+98 2.358311405284085893e-01 1.358935256771620637e-02 1.365299356653685292e-01 1.161680935482998223e-01
1.000000000000000000e+00 -9.999999999999999673e+98 5.513743158446530179e-01 5.674409204143366914e-01 2.940030527298099772e-01 5.621684841419060108e-01
1.000000000000000000e+00 -9.999999999999999673e+98 4.644751086668915674e-01 9.277224336082819933e-01 4.916662235745129506e-01 7.954380042835121900e-01
1.000000000000000000e+00 -9.999999999999999673e+98 1.362492025119510508e-03 8.114254228039777805e-01 1.131664203260065449e-01 5.403022027250260484e-01
1.000000000000000000e+00 -9.999999999999999673e+98 2.333636747902623210e-02 5.172275724906467698e-01 2.178226405911340979e-01 8.115387568021062981e-01
1.000000000000000000e+00 -9.999999999999999673e+98 9.576827385874756571e-01 3.019514890096253179e-01 4.471201498414930642e-01 3.457505464766637004e-01
1.000000000000000000e+00 -9.999999999999999673e+98 5.027123713176863129e-01 6.956298699715929290e-01 1.768144166380800630e-01 1.249616127599251225e-02
1.000000000000000000e+00 -9.999999999999999673e+98 6.372761911966031700e-01 5.491835380253503596e-01 6.430101824713236880e-01 4.062725072855503106e-01
1.000000000000000000e+00 -9.999999999999999673e+98 4.224385313714653645e-01 3.951428621462443891e-01 1.790112249987078075e-01 6.921044558762079468e-01
1.000000000000000000e+00 -9.999999999999999673e+98 7.378594730591326867e-01 4.725016485223525464e-01 3.563143991081444417e-01 8.275986823969302408e-01
1.000000000000000000e+00 -9.999999999999999673e+98 9.012343649677008184e-01 2.198017199751908235e-01 6.972459060344239345e-01 4.197448816716790043e-01
1.000000000000000000e+00 -9.999999999999999673e+98 6.977156156964881006e-01 8.526724457287317982e-01 1.098725264314250882e-01 7.183523331035772674e-01
1.000000000000000000e+00 -9.999999999999999673e+98 1.271873671158854080e-01 9.513084299087724016e-01 2.857144849531106923e-01 1.733206639747891797e-01
1.000000000000000000e+00 -9.999999999999999673e+98 2.976570629820329827e-01 7.368316099511877937e-01 2.935993361647299960e-01 2.781597234851156397e-01
1.000000000000000000e+00 -9.999999999999999673e+98 7.305246994212992728e-01 1.162951582347637736e-02 6.121326846193426707e-01 2.573636691640068808e-02
1.000000000000000000e+00 -9.999999999999999673e+98 6.920379200802573294e-02 5.882367737239364569e-01 8.443472213655067726e-02 9.316247263729852124e-01
1.000000000000000000e+00 -9.999999999999999673e+98 9.828071513817240312e-01 1.337490108961829627e-01 9.169716052181783317e-01 3.174382881352073582e-01
1.000000000000000000e+00 -9.999999999999999673e+98 2.867679015640487439e-01 3.666446004599870356e-01 3.213209779693746437e-01 4.286014023395137151e-01
1.000000000000000000e+00 -9.999999999999999673e+98 6.846401420336454269e-01 9.277910091205906484e-01 5.377476789062014539e-01 5.782428938041180855e-01
1.000000000000000000e+00 -9.999999999999999673e+98 3.275199288330706837e-01 7.568875321124123312e-01 7.210621330380204697e-01 8.165605110785300047e-01
1.000000000000000000e+00 -9.999999999999999673e+98 2.749843885008036448e-01 9.604518232233049124e-01 2.777639463208422255e-01 3.445076674038169973e-01
1.000000000000000000e+00 -9.999999999999999673e+98 6.697179882750330382e-01 8.672215329979438003e-02 1.102102729906432321e-01 5.814197865629274764e-01
1.000000000000000000e+00 -9.999999999999999673e+98 2.564060110833571438e-01 8.300545490421243899e-01 6.363666230002551494e-01 9.504302356546807662e-01
1.000000000000000000e+00 -9.999999999999999673e+98 5.379828448518985118e-01 4.960722368225914947e-01 6.957096100622650603e-01 2.325059354956304780e-02
1.000000000000000000e+00 -9.999999999999999673e+98 5.234812372368059519e-01 7.798853852326673719e-01 5.748430927019414494e-01 3.169448179161582502e-01
1.000000000000000000e+00 -9.999999999999999673e+98 2.773655208916291359e-01 4.026751764691820501e-01 2.605574046637653129e-01 2.610611777272013878e-01
1.000000000000000000e+00 -9.999999999999999673e+98 3.169750755654264784e-01 9.624615640564960772e-01 8.285367681408073448e-01 3.286673089561076289e-01
1.000000000000000000e+00 -9.999999999999999673e+98 3.838018293783648227e-01 3.940205829390739378e-01 4.211784549715068549e-01 8.379001211069392330e-02
1.000000000000000000e+00 -9.999999999999999673e+98 3.865767283192883541e-01 6.084411202157198328e-01 8.230277840635693565e-01 1.601362672764892192e-01
1.000000000000000000e+00 -9.999999999999999673e+98 4.365968126008497041e-01 8.521935100995615686e-01 2.054955986893540754e-01 8.223105328276031356e-01
1.000000000000000000e+00 -9.999999999999999673e+98 1.892172132587438549e-01 9.435582392117276562e-01 6.947153192814964351e-01 5.178782763397015154e-01
1.000000000000000000e+00 -9.999999999999999673e+98 4.740824047582329337e-01 6.037331585194846140e-01 5.335408021194361083e-01 4.232880544807126055e-01
1.000000000000000000e+00 -9.999999999999999673e+98 6.682022743343604132e-01 3.463805354123250524e-02 4.217487610255620245e-01 9.328139392999176271e-01
1.000000000000000000e+00 -9.999999999999999673e+98 2.074990870317028335e-02 7.654804120330358508e-01 8.104298755875447569e-01 3.004598802251980949e-01
1.000000000000000000e+00 -9.999999999999999673e+98 1.822472425037726662e-01 2.077436537866601540e-01 6.032273947027906313e-01 8.210488838607860052e-01
1.000000000000000000e+00 -9.999999999999999673e+98 6.118023925773740102e-01 5.495815834616281093e-01 9.455822629797727696e-02 9.460290134502373771e-01
1.000000000000000000e+00 -9.999999999999999673e+98 4.715416301950824396e-01 2.686529742507522966e-01 1.232472797649574181e-01 6.066305754161950281e-01
1.000000000000000000e+00 -9.999999999999999673e+98 3.421394381932369999e-01 9.023622906817339029e-01 3.174407955896343392e-01 7.417545072888376279e-02
1.000000000000000000e+00 -9.999999999999999673e+98 7.057681288923423057e-02 2.879454717360774296e-02 7.280241680739505394e-01 8.874893024883471204e-01
1.000000000000000000e+00 -9.999999999999999673e+98 4.070170014242308065e-01 5.413023952142695938e-01 6.854747591529053441e-01 3.254949224295340393e-01
1.000000000000000000e+00 -9.999999999999999673e+98 7.929847078045885178e-01 7.897239287007951081e-01 6.920234950887204084e-01 9.054982602289528559e-01
1.000000000000000000e+00 -9.999999999999999673e+98 4.646616999665809100e-01 1.978517892035959180e-01 2.924955200904507668e-01 2.815088701678621907e-01
1.000000000000000000e+00 -9.999999999999999673e+98 1.531052883535924947e-01 1.731964278073931940e-01 9.868277713339179691e-02 7.757797413911567963e-01
1.000000000000000000e+00 -9.999999999999999673e+98 3.336830393923038152e-01 1.009516209786046614e-01 2.369460628685892134e-01 4.875643813581331809e-02
1.000000000000000000e+00 -9.999999999999999673e+98 6.193689126503223452e-01 4.599226623465179076e-01 4.991418916287881924e-01 4.525388179119722576e-01
1.000000000000000000e+00 -9.999999999999999673e+98 1.314007101165373115e-01 3.708900572676417928e-01 6.829853047461742488e-02 3.510141078383540725e-01
1.000000000000000000e+00 -9.999999999999999673e+98 9.171476278507777469e-01 9.087252605948903383e-02 1.110199213811073893e-01 3.794396097387601197e-01
1.000000000000000000e+00 -9.999999999999999673e+98 7.752263821573346370e-03 6.684071542361560425e-01 3.003653174488482014e-01 3.059551503936830397e-02
1.000000000000000000e+00 -9.999999999999999673e+98 1.335708659322023539e-01 3.918505710996831315e-01 8.613947373674357699e-02 4.795974504516886672e-02
1.000000000000000000e+00 -9.999999999999999673e+98 4.174069231956273329e-01 4.921484244949954068e-01 5.028592357870601548e-01 9.350289190675831197e-02
1.000000000000000000e+00 -9.999999999999999673e+98 8.271697404744826621e-01 9.898362936719505845e-01 6.987025519164635767e-03 1.804093032905133009e-01
1.000000000000000000e+00 -9.999999999999999673e+98 7.174894387343452307e-01 6.906952469190060784e-01 3.548345680418493187e-01 5.017308174894680173e-01
1.000000000000000000e+00 -9.999999999999999673e+98 8.410957790012116853e-01 7.470544478838507807e-01 3.199647011547912534e-02 3.016752762526742071e-01
1.000000000000000000e+00 -9.999999999999999673e+98 7.483336586056518192e-01 4.701419555729532407e-01 3.234553002817629475e-01 3.522127434042697791e-01
1.000000000000000000e+00 -9.999999999999999673e+98 2.100639868772741226e-01 5.226905451665149194e-01 1.775306327506394055e-01 2.516245668617488329e-01
1.000000000000000000e+00 -9.999999999999999673e+98 3.730645511262139502e-01 1.328680023542114785e-01 6.252834279320018673e-02 5.476867394802242828e-02
1.000000000000000000e+00 -9.999999999999999673e+98 4.195021159748772988e-01 7.969106491579702745e-02 8.998655026021591397e-01 4.616372521932594619e-01
1.000000000000000000e+00 -9.999999999999999673e+98 3.394756398912861517e-01 2.987931346170034086e-01 2.110342737390996648e-01 6.722622326611649157e-01
1.000000000000000000e+00 -9.999999999999999673e+98 9.036218662724003758e-01 4.200584668881168771e-01 1.729774454033156106e-01 6.881167231946957452e-01
1.000000000000000000e+00 -9.999999999999999673e+98 5.826965418461675927e-01 9.731331133080545204e-02 9.351290357205684911e-01 3.411706090336535935e-01
1.000000000000000000e+00 -9.999999999999999673e+98 3.556300490181586449e-01 6.624510000204174576e-01 7.190117207358224238e-01 8.372421525300949297e-01
1.000000000000000000e+00 -9.999999999999999673e+98 8.197307311337784785e-01 9.940450393464009826e-01 2.121459241425736053e-01 1.816353856968540015e-01
1.000000000000000000e+00 -9.999999999999999673e+98 1.994503808428520486e-01 5.089948213571948710e-02 9.932665478350788391e-01 4.223169967553198623e-01
1.000000000000000000e+00 -9.999999999999999673e+98 9.909335043786254849e-01 3.204588660921522392e-01 8.316100166081156209e-01 4.943695975013687738e-01
1.000000000000000000e+00 -9.999999999999999673e+98 1.129209031157889509e-01 4.196429192086542637e-01 7.924019194813458622e-02 3.069982972307533364e-01
1.000000000000000000e+00 -9.999999999999999673e+98 9.778637195104733504e-02 2.199004860560416219e-02 5.697647409891778425e-01 4.741502341225749539e-01
1.000000000000000000e+00 -9.999999999999999673e+98 7.102135278714766242e-01 2.329895511491307802e-01 1.302960240822301774e-01 8.197521104029068528e-01
1.000000000000000000e+00 -9.999999999999999673e+98 5.520059174434267524e-01 1.451501668137016310e-01 6.234274408449420601e-01 8.131355637164162653e-01
1.000000000000000000e+00 -9.999999999999999673e+98 1.583378115999563018e-01 3.377054289529883846e-01 3.349736721489622315e-01 8.610092815948806599e-01
1.000000000000000000e+00 -9.999999999999999673e+98 9.962256630764099175e-02 3.967218020311985560e-01 1.616470530060680755e-01 7.815511613853209916e-02
1.000000000000000000e+00 -9.999999999999999673e+98 5.501434630411573545e-01 6.460571214732683254e-01 7.273069709928817739e-01 7.577367825953759128e-01
1.000000000000000000e+00 -9.999999999999999673e+98 2.460971763094210729e-01 2.757758160162220307e-01 1.114276644470261202e-01 5.239004020478835733e-01
1.000000000000000000e+00 -9.999999999999999673e+98 3.895590595557710811e-01 9.377919821491942365e-02 4.499076253389875379e-01 4.482478447408604350e-01
1.000000000000000000e+00 -9.999999999999999673e+98 7.327521616561750717e-01 1.422931168901320209e-02 7.081100321202624670e-01 1.508452372048626478e-01
1.000000000000000000e+00 -9.999999999999999673e+98 8.621605888164891596e-01 2.079724904384545603e-01 5.410535306577631820e-01 9.757331437956409115e-01
1.000000000000000000e+00 -9.999999999999999673e+98 9.316440182468475051e-01 8.802887113327098056e-01 5.990480376534178530e-01 1.907296279173575915e-01
1.000000000000000000e+00 -9.999999999999999673e+98 7.113308394936045387e-01 1.913268676970666382e-01 6.413817759198406909e-01 5.975300040445741256e-02
1.000000000000000000e+00 -9.999999999999999673e+98 3.509740479654596124e-01 6.633049423394614674e-01 1.416487837781823522e-01 5.137862709742682110e-01
1.000000000000000000e+00 -9.999999999999999673e+98 8.240422873109458646e-01 2.154298056120197424e-01 1.643171475438194307e-01 3.709376115105401661e-01
1.000000000000000000e+00 -9.999999999999999673e+98 5.197564100983104174e-01 4.105252986408398641e-01 4.119938256120555531e-01 1.196504381508398662e-01
1.000000000000000000e+00 -9.999999999999999673e+98 2.086968981864176786e-01 1.809972315096953777e-01 9.213024954951070100e-01 1.385277270054652288e-02
1.000000000000000000e+00 -9.999999999999999673e+98 3.825826333369075627e-02 3.274562027498973960e-01 2.266932866828621496e-01 7.289378562383669324e-01
1.000000000000000000e+00 -9.999999999999999673e+98 5.524589162356094985e-01 5.711672297569857504e-01 8.617470160116195155e-01 6.662563719690129949e-01
1.000000000000000000e+00 -9.999999999999999673e+98 3.008536564007154857e-01 7.870251848010675344e-01 3.072135577005401519e-01 2.322263799385304583e-02
1.000000000000000000e+00 -9.999999999999999673e+98 4.815746282616608642e-01 5.126174090631375746e-01 3.852786046272839160e-01 2.928195738585123165e-01
1.000000000000000000e+00 -9.999999999999999673e+98 9.135189720562666427e-01 8.827483847067552070e-01 6.662226145429640534e-01 7.756791583069122531e-01
