weight logl C sigma mu1 a1 W lam0
1.000000000000000000e+00 -9.999999999999999673e+98 1.994547181542235137e+02 3.708965894347023839e-01 1.219250552825818886e+03 3.789884920554264909e+02 1.900122973086968203e+00 1.219250552825818886e+03
1.000000000000000000e+00 -9.999999999999999673e+98 2.547621802591200151e+02 1.402965961177107479e+00 1.215338246259480684e+03 1.573985538434787834e+01 6.178254310878791150e-02 1.215338246259480684e+03
1.000000000000000000e+00 -9.999999999999999673e+98 1.917297251533052815e+02 3.541177855671879815e-01 1.217722636922311040e+03 2.435628410078933825e+02 1.270344704313026263e+00 1.217722636922311040e+03
1.000000000000000000e+00 -9.999999999999999673e+98 2.093333154518317656e+02 1.503824946425130982e+00 1.217343260647976194e+03 6.644487368394922555e+01 3.174118440752369819e-01 1.217343260647976194e+03
1.000000000000000000e+00 -9.999999999999999673e+98 1.624380948114435057e+02 2.731421869813512426e+00 1.217139967479231245e+03 7.803476926746330378e+01 4.803969743553399563e-01 1.217139967479231245e+03
1.000000000000000000e+00 -9.999999999999999673e+98 2.122267495695876960e+02 1.980692411434606726e+00 1.211179400906095225e+03 2.481020400984041885e+02 1.169042265414583115e+00 1.211179400906095225e+03
1.000000000000000000e+00 -9.999999999999999673e+98 2.856722239245544870e+02 2.715199087624279306e-01 1.212391111490579760e+03 1.338844875146290860e+02 4.686647013676336071e-01 1.212391111490579760e+03
1.000000000000000000e+00 -9.999999999999999673e+98 2.928194277500316502e+02 1.080318393913887176e+00 1.217339129277077518e+03 7.924107873046763473e+01 2.706141438064437743e-01 1.217339129277077518e+03
1.000000000000000000e+00 -9.999999999999999673e+98 2.536395333497785032e+02 2.195363057899852866e+00 1.210380239854159527e+03 3.158412548651880343e+02 1.245236697505002210e+00 1.210380239854159527e+03
1.000000000000000000e+00 -9.999999999999999673e+98 2.945459387272321692e+02 2.356746238104520663e-01 1.219328577005916941e+03 1.843712520320655415e+02 6.259507526355838625e-01 1.219328577005916941e+03
1.000000000000000000e+00 -9.999999999999999673e+98 2.850451575125400154e+02 1.128014382793256720e+00 1.211217529165004180e+03 2.864076400660310355e+02 1.004779883178443578e+00 1.211217529165004180e+03
1.000000000000000000e+00 -9.999999999999999673e+98 1.097235981196089227e+02 6.411678041819053320e-01 1.218435905139638180e+03 3.978047479247545084e+02 3.625516796223819949e+00 1.218435905139638180e+03
1.000000000000000000e+00 -9.999999999999999673e+98 1.408917657467517017e+02 1.375749616955252330e+00 1.213112876371068296e+03 1.940133909398343519e+02 1.377038536720215589e+00 1.213112876371068296e+03
1.000000000000000000e+00 -9.999999999999999673e+98 2.686202084964114647e+02 3.262127660383511429e-01 1.212167663335044836e+03 1.138299022033632184e+02 4.237577762318053276e-01 1.212167663335044836e+03
1.000000000000000000e+00 -9.999999999999999673e+98 2.347664321721350120e+02 1.540719323743293456e+00 1.213376444205973030e+03 3.101271057876602981e+02 1.321002763973809779e+00 1.213376444205973030e+03
1.000000000000000000e+00 -9.999999999999999673e+98 1.469975911293823856e+02 2.113191960272478020e+00 1.210404223373560853e+03 1.916663044164864118e+02 1.303873777413046886e+00 1.210404223373560853e+03
1.000000000000000000e+00 -9.999999999999999673e+98 2.682590876662924870e+02 1.756914384409258512e+00 1.212134927304989560e+03 7.957573262332130071e+01 2.966376025341273537e-01 1.212134927304989560e+03
1.000000000000000000e+00 -9.999999999999999673e+98 1.579367679733540228e+02 1.524080782304434223e+00 1.215705470150393694e+03 1.888889744175402825e+02 1.195978471899642015e+00 1.215705470150393694e+03
1.000000000000000000e+00 -9.999999999999999673e+98 2.576007864955101354e+02 2.759918329852174779e+00 1.212676753219552893e+03 3.279120812882246128e+01 1.272946739601433508e-01 1.212676753219552893e+03
1.000000000000000000e+00 -9.999999999999999673e+98 1.587263485449610982e+02 2.661925942871357087e+00 1.219164280820657495e+03 3.131546498174981252e+02 1.972921652190552377e+00 1.219164280820657495e+03
1.000000000000000000e+00 -9.999999999999999673e+98 2.805860408825114973e+02 1.692525579835070459e+00 1.211676456745196447e+03 9.628728645922426210e+01 3.431649206652521711e-01 1.211676456745196447e+03
1.000000000000000000e+00 -9.999999999999999673e+98 2.224486303780042249e+02 2.509688257265304312e+00 1.219641528049824956e+03 2.106935648613394108e+02 9.471560445362617875e-01 1.219641528049824956e+03
1.000000000000000000e+00 -9.999999999999999673e+98 1.228638985880884320e+02 1.919204258794828144e+00 1.210652750142884997e+03 3.593241821838666539e+01 2.924570897660762059e-01 1.210652750142884997e+03
1.000000000000000000e+00 -9.999999999999999673e+98 1.097594387396214586e+02 2.859347503924238865e-01 1.218455741695156803e+03 2.410362525798009301e+02 2.196041227503020998e+00 1.218455741695156803e+03
1.000000000000000000e+00 -9.999999999999999673e+98 1.063416685139623326e+02 6.676322740404526668e-01 1.211632077652833232e+03 2.973054593380213078e+02 2.795756954847723019e+00 1.211632077652833232e+03
1.000000000000000000e+00 -9.999999999999999673e+98 1.472351533519821771e+02 6.686851049476556508e-01 1.217636277920639259e+03 3.842258357892923755e+02 2.609606653315715619e+00 1.217636277920639259e+03
1.000000000000000000e+00 -9.999999999999999673e+98 2.911980741055319868e+02 1.674737716231471385e+00 1.217555455782486433e+03 1.523352138606129245e+02 5.231326282927465376e-01 1.217555455782486433e+03
1.000000000000000000e+00 -9.999999999999999673e+98 2.642726084637664030e+02 8.241439315250973507e-01 1.217206279315203119e+03 2.557150018840056589e+02 9.676182611981367643e-01 1.217206279315203119e+03
1.000000000000000000e+00 -9.999999999999999673e+98 1.305812915451703589e+02 6.571324885287909146e-01 1.211256564245165237e+03 2.280881120799551240e+02 1.746713555831659548e+00 1.211256564245165464e+03
1.000000000000000000e+00 -9.999999999999999673e+98 2.792931598533160695e+02 2.411777360036277518e+00 1.219113094327916542e+03 3.002969604813304159e+02 1.075203419371407065e+00 1.219113094327916542e+03
1.000000000000000000e+00 -9.999999999999999673e+98 2.291020638135975673e+02 1.769833505353867409e+00 1.219544437046204621e+03 1.402571676882936913e+02 6.122038595095763425e-01 1.219544437046204621e+03
1.000000000000000000e+00 -9.999999999999999673e+98 1.126254451335048969e+02 5.360492142717486752e-01 1.215682189205752366e+03 3.625530351858996028e+02 3.219104126568675728e+00 1.215682189205752366e+03
1.000000000000000000e+00 -9.999999999999999673e+98 2.463312603165388168e+02 1.726881912041921652e+00 1.217432768467956066e+03 6.592826714692083101e+01 2.676406845895326625e-01 1.217432768467956066e+03
1.000000000000000000e+00 -9.999999999999999673e+98 1.909130065443256399e+02 7.582511767341774123e-01 1.212637727571034702e+03 2.808990857684787557e+02 1.471345985551070434e+00 1.212637727571034702e+03
1.000000000000000000e+00 -9.999999999999999673e+98 2.033368552829030023e+02 4.171419490351304660e-01 1.217507675205696387e+03 3.504782583285240776e+02 1.723633710381243578e+00 1.217507675205696387e+03
1.000000000000000000e+00 -9.999999999999999673e+98 2.316143103396774450e+02 2.491301816811091641e+00 1.218154446013931192e+03 3.717225402260540932e+02 1.604920437260110688e+00 1.218154446013931192e+03
1.000000000000000000e+00 -9.999999999999999673e+98 2.710029952224294902e+02 1.876150771735987099e+00 1.219683751303536837e+03 3.630665878508256839e+01 1.339714299293384980e-01 1.219683751303536837e+03
1.000000000000000000e+00 -9.999999999999999673e+98 2.908228627003349516e+02 2.644900950312668364e+00 1.210283201335729927e+03 2.265796065043755334e+02 7.790983294798389247e-01 1.210283201335729927e+03
1.000000000000000000e+00 -9.999999999999999673e+98 1.448388513764858772e+02 1.262026369563487904e+00 1.218024404214367678e+03 3.781470370940041192e+01 2.610812178502232017e-01 1.218024404214367678e+03
1.000000000000000000e+00 -9.999999999999999673e+98 2.498861810882816314e+02 6.218655225049350976e-01 1.217533721873112881e+03 2.479434921629867858e+02 9.922257048515679134e-01 1.217533721873113109e+03
1.000000000000000000e+00 -9.999999999999999673e+98 2.114266820296122376e+02 2.380794870806230978e+00 1.213736362775840689e+03 7.698554802467990044e+01 3.641240891908684163e-01 1.213736362775840689e+03
1.000000000000000000e+00 -9.999999999999999673e+98 2.676999708110533902e+02 1.695085342282418583e+00 1.211892549136211528e+03 2.941427919350633147e+02 1.098777825951552600e+00 1.211892549136211528e+03
1.000000000000000000e+00 -9.999999999999999673e+98 1.436980083147946914e+02 2.660756623472759319e+00 1.211571243903923687e+03 2.648397166246361394e+02 1.843029835489856882e+00 1.211571243903923687e+03
1.000000000000000000e+00 -9.999999999999999673e+98 2.550560746894778674e+02 2.984317816445701155e+00 1.216598997841035725e+03 2.436093959145405847e+02 9.551209325679725914e-01 1.216598997841035725e+03
1.000000000000000000e+00 -9.999999999999999673e+98 1.211582431217393037e+02 1.514283746700306299e+00 1.210843442735893404e+03 2.643428957174666607e+02 2.181798686630475714e+00 1.210843442735893404e+03
1.000000000000000000e+00 -9.999999999999999673e+98 1.284117664436909649e+02 7.901311612421872965e-01 1.219903124775133392e+03 3.016155194330714266e+02 2.348815282167549423e+00 1.219903124775133392e+03
1.000000000000000000e+00 -9.999999999999999673e+98 1.367407391484427421e+02 1.693653768048001940e+00 1.216268378178156354e+03 1.417611092140614630e+02 1.036714516075335268e+00 1.216268378178156354e+03
1.000000000000000000e+00 -9.999999999999999673e+98 2.696008647327987546e+02 1.748606551870991899e+00 1.215774031078596636e+03 3.132887331958772847e+02 1.162046470089691752e+00 1.215774031078596636e+03
1.000000000000000000e+00 -9.999999999999999673e+98 1.688091357088141535e+02 2.766814614791914373e+00 1.217289193731362957e+03 3.373128026798806900e+02 1.998190449015303738e+00 1.217289193731362957e+03
1.000000000000000000e+00 -9.999999999999999673e+98 2.393530808420031235e+02 1.818167636682925803e+00 1.210193870060434847e+03 3.548755772873490741e+02 1.482644702290681238e+00 1.210193870060434847e+03
1.000000000000000000e+00 -9.999999999999999673e+98 2.025200907372217785e+02 1.986624648017814576e-01 1.216092637796186636e+03 3.069022612405099153e+02 1.515416372387114574e+00 1.216092637796186636e+03
1.000000000000000000e+00 -9.999999999999999673e+98 1.131211131075797738e+02 2.404360352060908923e+00 1.214845449833589328e+03 3.298920281116518254e+02 2.916272825196830176e+00 1.214845449833589328e+03
1.000000000000000000e+00 -9.999999999999999673e+98 2.021086966266752256e+02 1.029382611952166293e+00 1.219017756880433126e+03 1.043818310525029602e+02 5.164638276071400469e-01 1.219017756880433126e+03
1.000000000000000000e+00 -9.999999999999999673e+98 2.721018003762245598e+02 1.364129340348197328e+00 1.213087281576270925e+03 3.056180272134076858e+02 1.123175321849548824e+00 1.213087281576270925e+03
1.000000000000000000e+00 -9.999999999999999673e+98 2.081599785671388645e+02 3.628999823597052199e-01 1.212355037493311329e+03 2.112446659002808929e+02 1.014818829990161264e+00 1.212355037493311329e+03
1.000000000000000000e+00 -9.999999999999999673e+98 2.966799349901590972e+02 1.640503355155322085e+00 1.210998090360605829e+03 7.440840645390132124e+01 2.508036361015431037e-01 1.210998090360605829e+03
1.000000000000000000e+00 -9.999999999999999673e+98 1.480076314020310235e+02 4.081805458495696426e-01 1.213318261825534819e+03 4.445185942475560381e+01 3.003349151910393866e-01 1.213318261825534819e+03
1.000000000000000000e+00 -9.999999999999999673e+98 1.951957810354540754e+02 1.001814489693244159e+00 1.214392152126250949e+03 1.058848380817241974e+02 5.424545424088442758e-01 1.214392152126250949e+03
1.000000000000000000e+00 -9.999999999999999673e+98 1.595725480250584951e+02 2.381996599140077109e+00 1.218306974328145543e+03 2.314799058747814513e+02 1.450624864612871656e+00 1.218306974328145543e+03
1.000000000000000000e+00 -9.999999999999999673e+98 1.970997210093927663e+02 1.165541877948511607e+00 1.218212874290870332e+03 2.330715083290290863e+02 1.182505521242833701e+00 1.218212874290870104e+03
1.000000000000000000e+00 -9.999999999999999673e+98 1.597171621785714990e+02 8.128868650819598418e-01 1.211726436978454331e+03 3.862347215371013931e+02 2.418241823663710655e+00 1.211726436978454331e+03
1.000000000000000000e+00 -9.999999999999999673e+98 2.752843491639347349e+02 2.824190540983388065e+00 1.216481156609601612e+03 8.912597742115985966e+01 3.237596968074796244e-01 1.216481156609601612e+03
1.000000000000000000e+00 -9.999999999999999673e+98 2.049905580913342646e+02 2.798551912488593363e+00 1.215354633768589110e+03 1.540619786032027889e+02 7.515564621008541391e-01 1.215354633768589110e+03
1.000000000000000000e+00 -9.999999999999999673e+98 1.041995191867483044e+02 1.127185130499520627e-01 1.211330501121069574e+03 7.840858459048737927e+01 7.524850901659351221e-01 1.211330501121069574e+03
1.000000000000000000e+00 -9.999999999999999673e+98 1.773240387357623717e+02 2.135903123472350895e+00 1.216923841156632534e+03 2.259939159374375492e+02 1.274468580507576387e+00 1.216923841156632534e+03
1.000000000000000000e+00 -9.999999999999999673e+98 1.994745714353207404e+02 2.889975309293444816e+00 1.213510983507488618e+03 2.755672252225764964e+02 1.381465433111250807e+00 1.213510983507488618e+03
1.000000000000000000e+00 -9.999999999999999673e+98 2.519266464171218445e+02 2.867026859843162523e+00 1.217373910290132017e+03 1.064036417794397096e+02 4.223596165499075017e-01 1.217373910290132017e+03
1.000000000000000000e+00 -9.999999999999999673e+98 2.838266430683381145e+02 2.875479509151479984e+00 1.211248574715092445e+03 1.837488958774974606e+02 6.473983340360879302e-01 1.211248574715092445e+03
1.000000000000000000e+00 -9.999999999999999673e+98 2.812126912917896107e+02 1.552190249827176016e+00 1.216042065345381161e+03 1.383865554226698862e+02 4.921063654238789775e-01 1.216042065345381161e+03
1.000000000000000000e+00 -9.999999999999999673e+98 2.019708872063661147e+02 1.447570995580846898e+00 1.213689307234690204e+03 2.312173406460654519e+02 1.144805292704470068e+00 1.213689307234690204e+03
1.000000000000000000e+00 -9.999999999999999673e+98 1.984875952874501195e+02 1.799173572459909387e+00 1.217689938950436726e+03 1.235542927627752974e+01 6.224786621241681916e-02 1.217689938950436726e+03
1.000000000000000000e+00 -9.999999999999999673e+98 2.838916837662597459e+02 1.242615804824283687e+00 1.219026344237869353e+03 1.123574110903248453e+02 3.957756338605309399e-01 1.219026344237869353e+03
1.000000000000000000e+00 -9.999999999999999673e+98 1.438443052227473231e+02 5.135767835644803325e-01 1.215064313100460140e+03 3.117703848439871877e+02 2.167415556432360280e+00 1.215064313100460140e+03
1.000000000000000000e+00 -9.999999999999999673e+98 1.292949556086136909e+02 1.901257722482543766e+00 1.211295837011124831e+03 1.365441301112709596e+02 1.056066955346665726e+00 1.211295837011124831e+03
1.000000000000000000e+00 -9.999999999999999673e+98 2.047650150482298557e+02 1.437796570767444715e+00 1.212399100247966544e+03 2.592538074356004927e+02 1.266104013786419902e+00 1.212399100247966544e+03
1.000000000000000000e+00 -9.999999999999999673e+98 2.533563994242346098e+02 1.578391915571202730e+00 1.217130040035637649e+03 1.631624072706567858e+02 6.440034972136157165e-01 1.217130040035637649e+03
1.000000000000000000e+00 -9.999999999999999673e+98 2.466033781607319497e+02 2.837143837849567252e+00 1.218422900660198138e+03 1.147167972722253495e+02 4.651874525313877129e-01 1.218422900660198138e+03
1.000000000000000000e+00 -9.999999999999999673e+98 1.235017624094256092e+02 2.527031553115802076e+00 1.211509088714232348e+03 1.110998708575960947e+00 8.995812585190847768e-03 1.211509088714232348e+03
1.000000000000000000e+00 -9.999999999999999673e+98 2.260530526679304444e+02 2.039517810493668204e+00 1.215196742217675819e+03 3.349616513865223055e+01 1.481783357637631304e-01 1.215196742217675819e+03
1.000000000000000000e+00 -9.999999999999999673e+98 2.009765046366680963e+02 1.079967257933166946e+00 1.211494354595257164e+03 2.620219684830321398e+02 1.303744280739303596e+00 1.211494354595257164e+03
1.000000000000000000e+00 -9.999999999999999673e+98 1.177700861753403103e+02 1.364746526820106443e+00 1.214167914330827216e+03 1.387271297193983912e+02 1.177948783300170943e+00 1.214167914330827216e+03
1.000000000000000000e+00 -9.999999999999999673e+98 1.034746249154046467e+02 7.043224861191798025e-01 1.219282278716219935e+03 1.328351671299953978e+02 1.283746302425298635e+00 1.219282278716219935e+03
1.000000000000000000e+00 -9.999999999999999673e+98 1.252881892789092717e+02 3.853765809931987141e-01 1.213341004368062613e+03 6.748667847454292712e+00 5.386515589614597477e-02 1.213341004368062613e+03
1.000000000000000000e+00 -9.999999999999999673e+98 2.440936499534665813e+02 1.529335327794514310e+00 1.210658196182216443e+03 1.610434373527172340e+02 6.597608638463891007e-01 1.210658196182216443e+03
1.000000000000000000e+00 -9.999999999999999673e+98 2.461973153692487699e+02 1.509962020758765178e+00 1.219172552236418596e+03 2.919661781992186320e+02 1.185903175919385433e+00 1.219172552236418596e+03
1.000000000000000000e+00 -9.999999999999999673e+98 1.618880907600699572e+02 1.873662231201788764e+00 1.212306195096382680e+03 3.835884316954604287e+02 2.369466647574259621e+00 1.212306195096382680e+03
1.000000000000000000e+00 -9.999999999999999673e+98 2.143852032665089951e+02 9.765848323717435386e-01 1.211431259187160549e+03 1.813558847033213794e+02 8.459347097657302639e-01 1.211431259187160549e+03
1.000000000000000000e+00 -9.999999999999999673e+98 1.401192068790783196e+02 2.950327240306341192e+00 1.212196691122308948e+03 8.375283698868183535e+01 5.977255998955219862e-01 1.212196691122308948e+03
1.000000000000000000e+00 -9.999999999999999673e+98 2.591175336840200885e+02 9.944110320724538488e-01 1.217317484255226873e+03 7.436363921301688151e+01 2.869880635082739939e-01 1.217317484255226873e+03
1.000000000000000000e+00 -9.999999999999999673e+98 2.456738674378017322e+02 4.405374186706308981e-01 1.216441520401456728e+03 3.084690732665118276e+02 1.255603929240085792e+00 1.216441520401456728e+03
1.000000000000000000e+00 -9.999999999999999673e+98 2.493142301197933364e+02 2.834468779321811738e+00 1.219965528168972696e+03 4.403123238890383107e+01 1.766093831376861489e-01 1.219965528168972696e+03
1.000000000000000000e+00 -9.999999999999999673e+98 1.930264784976938017e+02 2.859363751182466995e+00 1.215248424713963914e+03 1.580060832892880853e+02 8.185720659623175743e-01 1.215248424713963914e+03
1.000000000000000000e+00 -9.999999999999999673e+98 1.891003757930277800e+02 5.898085182108780966e-01 1.217146345265213085e+03 3.983764143279962582e+02 2.106692874920688574e+00 1.217146345265213085e+03
1.000000000000000000e+00 -9.999999999999999673e+98 2.122986332269040872e+02 1.847805952326666779e+00 1.210661488811696699e+03 3.011906788735813620e+02 1.418712284179756145e+00 1.210661488811696699e+03
1.000000000000000000e+00 -9.999999999999999673e+98 2.248719337717195685e+02 1.102420868929596010e+00 1.219052792386197325e+03 4.587041002008716362e+01 2.039845935894021023e-01 1.219052792386197325e+03
1.000000000000000000e+00 -9.999999999999999673e+98 1.650371713602846171e+02 1.625403188310233782e-01 1.218118173302568039e+03 1.508158909044663005e+02 9.138298339785978497e-01 1.218118173302568039e+03
1.000000000000000000e+00 -9.999999999999999673e+98 1.887470027220724944e+02 2.498246055287992373e+00 1.219234836314227095e+03 9.932186345447186682e+01 5.262169042266701124e-01 1.219234836314227095e+03
1.000000000000000000e+00 -9.999999999999999673e+98 2.783615219370342970e+02 7.086704610662551973e-01 1.217397801119455607e+03 2.456246529365724882e+02 8.823944172576160261e-01 1.217397801119455607e+03
1.000000000000000000e+00 -9.999999999999999673e+98 1.178518769559747454e+02 4.410069899259421167e-01 1.218450831259944835e+03 2.306192255213268538e+02 1.956856619326291735e+00 1.218450831259944835e+03
1.000000000000000000e+00 -9.999999999999999673e+98 2.882753945943535996e+02 8.857860737963606512e-01 1.213483676379532881e+03 2.980704197528845611e+02 1.033978013185322453e+00 1.213483676379532881e+03
1.000000000000000000e+00 -9.999999999999999673e+98 1.406545466114044700e+02 2.734697488417369371e+00 1.212242307618712857e+03 3.208617494867903019e+02 2.281204249822482488e+00 1.212242307618712857e+03
1.000000000000000000e+00 -9.999999999999999673e+98 1.802901905351632195e+02 5.285074868356874900e-01 1.219406346296327456e+03 3.947666798965200314e+02 2.189618185685626717e+00 1.219406346296327456e+03
1.000000000000000000e+00 -9.999999999999999673e+98 2.811623760082907211e+02 1.280058248910548535e+00 1.216462600052346261e+03 9.836319067974721975e+01 3.498447839153512873e-01 1.216462600052346261e+03
1.000000000000000000e+00 -9.999999999999999673e+98 1.762938481181159887e+02 1.590641743477176240e+00 1.213464186286842960e+03 2.102299782044208314e+02 1.192497528691799813e+00 1.213464186286842960e+03
1.000000000000000000e+00 -9.999999999999999673e+98 1.156523654788963427e+02 1.562836158200109793e+00 1.219206591332110975e+03 2.099790354101504875e+01 1.815605193552797536e-01 1.219206591332110975e+03
1.000000000000000000e+00 -9.999999999999999673e+98 2.904343763486772900e+02 2.721861342905762537e+00 1.217307743888952018e+03 2.864310487472771456e+02 9.862160683190133170e-01 1.217307743888952018e+03
1.000000000000000000e+00 -9.999999999999999673e+98 1.572769782213183021e+02 2.521028065563950982e+00 1.213141353861215293e+03 3.338043336356623172e+02 2.122397933955323168e+00 1.213141353861215293e+03
1.000000000000000000e+00 -9.999999999999999673e+98 1.514723704994609932e+02 2.042999513754967023e+00 1.217976231642091079e+03 9.188425849102301868e+01 6.066073844889751099e-01 1.217976231642091079e+03
1.000000000000000000e+00 -9.999999999999999673e+98 1.399772436408326826e+02 1.984678341102524612e+00 1.217394899918597048e+03 1.671724579931366748e+02 1.194283110918258561e+00 1.217394899918597048e+03
1.000000000000000000e+00 -9.999999999999999673e+98 2.584930835658802835e+02 1.511926802869083541e+00 1.211179095261870089e+03 3.479180675314294717e+02 1.345947298596707364e+00 1.211179095261870089e+03
1.000000000000000000e+00 -9.999999999999999673e+98 2.105807423798566163e+02 1.284602609048916433e+00 1.217974556249757370e+03 3.801284425607381650e+02 1.805143425105048216e+00 1.217974556249757370e+03
1.000000000000000000e+00 -9.999999999999999673e+98 1.745524596185127280e+02 2.061796789772982752e+00 1.212585667470522139e+03 1.980458856156995182e+02 1.134592351482941242e+00 1.212585667470522139e+03
1.000000000000000000e+00 -9.999999999999999673e+98 2.790420658098156537e+02 9.808579520163915877e-01 1.216908046265227085e+03 3.385305760121633512e+02 1.213188323522851109e+00 1.216908046265227085e+03
1.000000000000000000e+00 -9.999999999999999673e+98 1.299972300529374252e+02 8.127941762202306464e-01 1.216749148587887021e+03 3.578656488901974342e+01 2.752871339985225041e-01 1.216749148587887021e+03
1.000000000000000000e+00 -9.999999999999999673e+98 1.520231974768927046e+02 2.668118252910674393e+00 1.214199116092785744e+03 3.212773108835202720e+02 2.113343991020541157e+00 1.214199116092785744e+03
1.000000000000000000e+00 -9.999999999999999673e+98 1.537675383446012916e+02 1.660259440571520528e+00 1.211484565638958884e+03 2.314551793145277827e+02 1.505227838113817773e+00 1.211484565638958884e+03
1.000000000000000000e+00 -9.999999999999999673e+98 2.113556669247199409e+02 1.915350507517580292e+00 1.219474254215816700e+03 3.397822321677226682e+02 1.607632466692957562e+00 1.219474254215816700e+03
1.000000000000000000e+00 -9.999999999999999673e+98 2.865589586075944908e+02 6.023598777931271631e-01 1.214295383044675418e+03 3.941693864642833773e+02 1.375526308371491035e+00 1.214295383044675418e+03
1.000000000000000000e+00 -9.999999999999999673e+98 2.993293155693363019e+02 2.796279047751697888e+00 1.212596738404575945e+03 2.757172631427686582e+01 9.211168061449090394e-02 1.212596738404575945e+03
1.000000000000000000e+00 -9.999999999999999673e+98 2.549990546191524743e+02 1.893516711419909404e+00 1.216174178953842102e+03 3.807266914265637183e+02 1.493051384034300266e+00 1.216174178953842102e+03
1.000000000000000000e+00 -9.999999999999999673e+98 1.864854814356696977e+02 1.060111709658683177e+00 1.213987699925848347e+03 2.030621777291131025e+02 1.088890009912979240e+00 1.213987699925848347e+03
1.000000000000000000e+00 -9.999999999999999673e+98 1.037698892140174394e+02 1.746978805457007233e+00 1.218895099749387555e+03 1.331366359082686301e+02 1.282998728404581179e+00 1.218895099749387555e+03
1.000000000000000000e+00 -9.999999999999999673e+98 2.071325550855811457e+02 3.057874360216822907e-01 1.217433453109889115e+03 3.665367888577509916e+02 1.769575954423526776e+00 1.217433453109889115e+03
1.000000000000000000e+00 -9.999999999999999673e+98 1.515323144799218937e+02 1.906168911843900915e+00 1.213435081610102316e+03 2.642945327097774566e+02 1.744146346717330820e+00 1.213435081610102316e+03
1.000000000000000000e+00 -9.999999999999999673e+98 2.844186156619819030e+02 2.920348738333034433e+00 1.210103805817234843e+03 1.360470539546003721e+01 4.783338588367432032e-02 1.210103805817234843e+03
1.000000000000000000e+00 -9.999999999999999673e+98 2.523561581671922340e+02 2.573025649320745512e+00 1.219118671701956146e+03 2.707541722405724158e+02 1.072904953883435875e+00 1.219118671701956146e+03
1.000000000000000000e+00 -9.999999999999999673e+98 2.723583796809160731e+02 1.392508422242673127e+00 1.219251348939368199e+03 2.782089837854659322e+02 1.021481270785221218e+00 1.219251348939368199e+03
1.000000000000000000e+00 -9.999999999999999673e+98 1.253316526900242422e+02 5.069798762947318460e-01 1.214084721963514539e+03 3.687925995428163901e+02 2.942533602863519615e+00 1.214084721963514539e+03
1.000000000000000000e+00 -9.999999999999999673e+98 2.001959624095470076e+02 1.022237594774690894e+00 1.215250616193939095e+03 1.378114880306929990e+02 6.883829542414438007e-01 1.215250616193939095e+03
1.000000000000000000e+00 -9.999999999999999673e+98 2.549640375289713177e+02 2.554665224322994366e+00 1.211733405276143458e+03 3.417424574562046473e+02 1.340355529227814202e+00 1.211733405276143458e+03
1.000000000000000000e+00 -9.999999999999999673e+98 2.996975551248106058e+02 2.526012923185840808e+00 1.219696045668930537e+03 2.444547080969808803e+02 8.156713457177735549e-01 1.219696045668930537e+03
1.000000000000000000e+00 -9.999999999999999673e+98 2.120198209094631352e+02 2.912107803296847486e+00 1.213796102390158467e+03 3.259248602049939336e+02 1.537237692244682208e+00 1.213796102390158467e+03
1.000000000000000000e+00 -9.999999999999999673e+98 1.030980971838673810e+02 2.676896950686154408e+00 1.212963053586443039e+03 1.203430683627829438e+02 1.167267599014562895e+00 1.212963053586443039e+03
1.000000000000000000e+00 -9.999999999999999673e+98 2.969421739902539912e+02 1.012751976145973565e+00 1.213895929561877210e+03 1.620770049385566267e+02 5.458200927156821036e-01 1.213895929561877210e+03
1.000000000000000000e+00 -9.999999999999999673e+98 1.354873849592851798e+02 2.918045295264721339e+00 1.218992436400656061e+03 1.011617041755401090e+02 7.466503557208653552e-01 1.218992436400656061e+03
1.000000000000000000e+00 -9.999999999999999673e+98 2.294859312951653862e+02 1.401106587126085268e+00 1.210996389012844247e+03 3.826764520123859370e+02 1.667537743393020966e+00 1.210996389012844247e+03
1.000000000000000000e+00 -9.999999999999999673e+98 2.042027743121724939e+02 3.605465944353231089e-01 1.216748349131701843e+03 1.175759132123107378e+02 5.757801949966065980e-01 1.216748349131701843e+03
1.000000000000000000e+00 -9.999999999999999673e+98 1.191477660541933687e+02 1.650465927081896433e+00 1.214339203516675298e+03 3.969446365721013308e+02 3.331532346074825846e+00 1.214339203516675298e+03
1.000000000000000000e+00 -9.999999999999999673e+98 1.706354713127357741e+02 1.824231807535501737e+00 1.214968423519259659e+03 8.828470917895363357e+01 5.173877887156765887e-01 1.214968423519259659e+03
1.000000000000000000e+00 -9.999999999999999673e+98 2.426276146051747844e+02 1.176659703656594003e+00 1.215597939764611510e+03 3.469000948707397356e+02 1.429763448135309645e+00 1.215597939764611510e+03
1.000000000000000000e+00 -9.999999999999999673e+98 1.611557678632623833e+02 1.811814156116305086e-01 1.216137597513731635e+03 1.262104367624317973e+02 7.831580491088532270e-01 1.216137597513731635e+03
1.000000000000000000e+00 -9.999999999999999673e+98 1.598763451099293036e+02 1.450614201076205312e+00 1.219496369370558341e+03 1.087901731039979154e+02 6.804644741484109360e-01 1.219496369370558341e+03
1.000000000000000000e+00 -9.999999999999999673e+98 2.501297676729828083e+02 2.847081667898769819e+00 1.212027075343563865e+03 2.346526565658527375e+02 9.381236737589557784e-01 1.212027075343563865e+03
1.000000000000000000e+00 -9.999999999999999673e+98 1.653519591218819187e+02 6.237208705460979274e-01 1.215704263693899520e+03 1.702085747783871170e+02 1.029371382608931462e+00 1.215704263693899520e+03
1.000000000000000000e+00 -9.999999999999999673e+98 2.439893975985349641e+02 7.030223792130103622e-01 1.214360826680808259e+03 1.432253713962976462e+02 5.870147342712143113e-01 1.214360826680808259e+03
1.000000000000000000e+00 -9.999999999999999673e+98 2.431831854972473081e+02 1.947701687085568123e+00 1.219057993278402364e+03 1.119626651559186428e+02 4.604046325282880048e-01 1.219057993278402364e+03
1.000000000000000000e+00 -9.999999999999999673e+98 2.358900513025579926e+02 1.266764211318144595e-01 1.219292317439379076e+03 3.770726122943432870e+02 1.598510027074865114e+00 1.219292317439379076e+03
1.000000000000000000e+00 -9.999999999999999673e+98 1.200437334993588365e+02 1.171464647481742061e+00 1.211919032938953251e+03 8.720983412025557868e+01 7.264838536592280738e-01 1.211919032938953251e+03
1.000000000000000000e+00 -9.999999999999999673e+98 2.814086772038690469e+02 1.762949323388631084e+00 1.212523214735366992e+03 2.169490915883658317e+02 7.709395948412604005e-01 1.212523214735366764e+03
1.000000000000000000e+00 -9.999999999999999673e+98 2.424888239681923494e+02 2.933332130855180964e+00 1.216890995634322508e+03 4.349186190463964863e+01 1.793561500811457765e-01 1.216890995634322508e+03
1.000000000000000000e+00 -9.999999999999999673e+98 1.061127278375788165e+02 1.929832870927612909e+00 1.219508150102831905e+03 3.674861598334330210e+02 3.463167589056091344e+00 1.219508150102831905e+03
1.000000000000000000e+00 -9.999999999999999673e+98 2.724058678832540181e+02 8.013794857389733295e-01 1.216257550379392796e+03 1.170337162944196336e+02 4.296299386053504810e-01 1.216257550379392796e+03
1.000000000000000000e+00 -9.999999999999999673e+98 1.932261762987343445e+02 1.686661830777701709e+00 1.219096472278667306e+03 1.600718146543447062e+01 8.284168207462126732e-02 1.219096472278667306e+03
1.000000000000000000e+00 -9.999999999999999673e+98 2.226561927696628231e+02 2.306285116631622945e+00 1.217477390796880400e+03 2.573735872727651781e+02 1.155923776793477353e+00 1.217477390796880400e+03
1.000000000000000000e+00 -9.999999999999999673e+98 1.182539936332101433e+02 4.382628181921719435e-01 1.214073645502644467e+03 1.912907004793596855e+02 1.617625710575901543e+00 1.214073645502644467e+03
1.000000000000000000e+00 -9.999999999999999673e+98 2.349497381290889848e+02 1.383956979681454369e+00 1.214451685935007617e+03 1.495814640798025152e+02 6.366530359681338291e-01 1.214451685935007617e+03
1.000000000000000000e+00 -9.999999999999999673e+98 2.922620578197525560e+02 3.667128636864056546e-01 1.211950301120359427e+03 3.871831372682239589e+02 1.324780712749967337e+00 1.211950301120359427e+03
1.000000000000000000e+00 -9.999999999999999673e+98 2.997215974426453613e+02 2.868164889564288167e+00 1.216194697975307463e+03 5.560945217448964684e+01 1.855370205182863275e-01 1.216194697975307463e+03
1.000000000000000000e+00 -9.999999999999999673e+98 1.005410338799568990e+02 2.773432032275624959e+00 1.218265270304293153e+03 2.403459531034951056e+02 2.390525975597797004e+00 1.218265270304293153e+03
1.000000000000000000e+00 -9.999999999999999673e+98 1.909546587143115630e+02 1.275561223256854282e+00 1.215852502165721944e+03 2.860195289690408345e+02 1.497840015503137945e+00 1.215852502165721944e+03
1.000000000000000000e+00 -9.999999999999999673e+98 1.123036754709480647e+02 2.455464437641746711e-01 1.210023748265958147e+03 1.921868023094543219e+02 1.711313556778213396e+00 1.210023748265958147e+03
1.000000000000000000e+00 -9.999999999999999673e+98 2.570748850354123078e+02 7.263505393471449967e-01 1.219488753982856906e+03 2.457953407757980528e+02 9.561235075217071611e-01 1.219488753982856906e+03
1.000000000000000000e+00 -9.999999999999999673e+98 1.178291964115354347e+02 7.125483878905081170e-01 1.210739799307982139e+03 3.368576010754010213e+02 2.858863603710555257e+00 1.210739799307982139e+03
1.000000000000000000e+00 -9.999999999999999673e+98 1.708439235241592655e+02 2.681336594191454648e+00 1.219584951926954318e+03 1.576970305321985677e+02 9.230473480076593074e-01 1.219584951926954318e+03
1.000000000000000000e+00 -9.999999999999999673e+98 1.572973286957841026e+02 1.485652273556421266e+00 1.218944464048073314e+03 1.115193718513738332e+02 7.089718101128997807e-01 1.218944464048073087e+03
1.000000000000000000e+00 -9.999999999999999673e+98 2.766401628366808154e+02 1.955380954778522584e+00 1.210446244564564267e+03 2.387569556715194778e+02 8.630596267125307808e-01 1.210446244564564267e+03
1.000000000000000000e+00 -9.999999999999999673e+98 2.133446759557068049e+02 2.370510925262836466e+00 1.214066288536989077e+03 1.880961239107166705e+02 8.816537045891312818e-01 1.214066288536989077e+03
1.000000000000000000e+00 -9.999999999999999673e+98 2.269474084201708877e+02 2.116271058713569353e+00 1.217380062926138862e+03 3.332786593292083808e+02 1.468528156585844791e+00 1.217380062926138862e+03
1.000000000000000000e+00 -9.999999999999999673e+98 1.092377054020773528e+02 1.814241158848978852e+00 1.212722863973132007e+03 2.365330698102445695e+02 2.165306099570876608e+00 1.212722863973132007e+03
1.000000000000000000e+00 -9.999999999999999673e+98 1.394469053014399265e+02 1.585472683030189511e+00 1.212512413340464036e+03 1.776727919745193560e+02 1.274125026944464611e+00 1.212512413340464036e+03
1.000000000000000000e+00 -9.999999999999999673e+98 1.639884918354967454e+02 5.735887355549040834e-01 1.217992507705602748e+03 9.723774720750296297e+01 5.929547013887166429e-01 1.217992507705602748e+03
1.000000000000000000e+00 -9.999999999999999673e+98 2.619138483690310295e+02 1.352503103259834916e+00 1.212895818017986812e+03 2.862109794820897335e+01 1.092767645790246878e-01 1.212895818017986812e+03
1.000000000000000000e+00 -9.999999999999999673e+98 2.381074518303742877e+02 7.599030235217933971e-01 1.214707269768201286e+03 2.091655018073213910e+02 8.784500451347868610e-01 1.214707269768201286e+03
1.000000000000000000e+00 -9.999999999999999673e+98 1.368303749796880311e+02 9.177871795022876089e-01 1.214107805192490332e+03 3.512804312603265657e+02 2.567269375038056189e+00 1.214107805192490332e+03
1.000000000000000000e+00 -9.999999999999999673e+98 1.300680372202118633e+02 2.450578487287746299e+00 1.219559723783087065e+03 3.278835497798522738e+02 2.520861825759149522e+00 1.219559723783087065e+03
1.000000000000000000e+00 -9.999999999999999673e+98 1.919118745159566402e+02 2.571712943145621821e+00 1.216886668851043851e+03 2.784552698866035598e+02 1.450953832788763664e+00 1.216886668851043851e+03
1.000000000000000000e+00 -9.999999999999999673e+98 1.178751149424363831e+02 2.012976698335660508e+00 1.219221100280716655e+03 9.035635807381746076e+01 7.665431174166188466e-01 1.219221100280716655e+03
1.000000000000000000e+00 -9.999999999999999673e+98 1.171220255513036079e+02 1.005584669462748604e+00 1.217926891217027332e+03 2.284451675797531038e+02 1.950488531123345304e+00 1.217926891217027105e+03
1.000000000000000000e+00 -9.999999999999999673e+98 1.701377631143396059e+02 6.313111734945198172e-01 1.219927999343226702e+03 2.267437483719474400e+01 1.332706767865322606e-01 1.219927999343226702e+03
1.000000000000000000e+00 -9.999999999999999673e+98 1.832784000667786017e+02 6.692129185937583102e-01 1.211372613387036381e+03 1.539039437955196377e+02 8.397276697059981032e-01 1.211372613387036381e+03
1.000000000000000000e+00 -9.999999999999999673e+98 2.959016334311849050e+02 2.730268346168611249e+00 1.213282091842833779e+03 2.563238547184411118e+02 8.662468393505911024e-01 1.213282091842833779e+03
1.000000000000000000e+00 -9.999999999999999673e+98 2.806316959433236207e+02 2.501781658350445525e+00 1.218129004784326071e+03 4.696405531087530960e+01 1.673512150971006862e-01 1.218129004784326071e+03
1.000000000000000000e+00 -9.999999999999999673e+98 2.744554624916151511e+02 1.916039736245166214e+00 1.216594306561406256e+03 3.303240351987546433e+02 1.203561525793447551e+00 1.216594306561406256e+03
1.000000000000000000e+00 -9.999999999999999673e+98 1.690111399813352477e+02 2.133195899731412215e+00 1.210576730056081487e+03 1.367051636006958688e+02 8.088529762937100021e-01 1.210576730056081487e+03
1.000000000000000000e+00 -9.999999999999999673e+98 2.992530989438255347e+02 2.425410663702695757e+00 1.215620697044452754e+03 2.629459232366041306e+02 8.786740192988383713e-01 1.215620697044452754e+03
1.000000000000000000e+00 -9.999999999999999673e+98 1.827001978237350386e+02 2.392766666775659079e+00 1.210788261600975829e+03 1.862240079913848376e+02 1.019287391090016648e+00 1.210788261600975829e+03
1.000000000000000000e+00 -9.999999999999999673e+98 1.198922748179862339e+02 2.115475071000052498e+00 1.211112570594664703e+03 7.225676275891417788e+01 6.026807220783021446e-01 1.211112570594664703e+03
1.000000000000000000e+00 -9.999999999999999673e+98 2.576447627005729828e+02 1.918837838312137611e+00 1.210765637232835388e+03 1.356361647952630847e+02 5.264464271408278995e-01 1.210765637232835388e+03
1.000000000000000000e+00 -9.999999999999999673e+98 2.903680548574427576e+02 2.339630477988628776e+00 1.219004854500317379e+03 1.962202992813298295e+02 6.757640725239727475e-01 1.219004854500317379e+03
1.000000000000000000e+00 -9.999999999999999673e+98 1.111230696995711327e+02 2.330843535275182621e+00 1.217745760066674166e+03 1.456068090374147346e+02 1.310320255110597243e+00 1.217745760066674166e+03
1.000000000000000000e+00 -9.999999999999999673e+98 2.628751782235729024e+02 2.002999036272729683e+00 1.219184041334703807e+03 5.744520130249206602e+01 2.185265329754164099e-01 1.219184041334703807e+03
1.000000000000000000e+00 -9.999999999999999673e+98 1.105563039634218256e+02 2.993416842017371238e+00 1.212603888775279074e+03 3.341592628020211464e+02 3.022525634653810744e+00 1.212603888775279074e+03
1.000000000000000000e+00 -9.999999999999999673e+98 1.490618919380255250e+02 2.570844767378998585e-01 1.210354819885064899e+03 3.205368124996101642e+02 2.150360553808599473e+00 1.210354819885064899e+03
1.000000000000000000e+00 -9.999999999999999673e+98 1.260082618240305408e+02 2.761238048729165229e+00 1.212929003202017384e+03 1.029885865925574961e+02 8.173161434158989769e-01 1.212929003202017384e+03
1.000000000000000000e+00 -9.999999999999999673e+98 2.336995002915954842e+02 2.438637048110658956e+00 1.210720353399230135e+03 3.344133371901536478e+00 1.430954438383025273e-02 1.210720353399230135e+03
1.000000000000000000e+00 -9.999999999999999673e+98 1.036696599071786267e+02 1.591267518455434571e+00 1.214426668345183771e+03 9.832821010488839875e+01 9.484762484310961250e-01 1.214426668345183771e+03
1.000000000000000000e+00 -9.999999999999999673e+98 2.723908593153653896e+02 2.496928097745385156e+00 1.216500747054597014e+03 2.701722299122889126e+02 9.918549785089968429e-01 1.216500747054597014e+03
1.000000000000000000e+00 -9.999999999999999673e+98 1.912397978194259167e+02 1.330692394343478968e+00 1.214190536839949573e+03 4.628881590738114227e+01 2.420459362286523919e-01 1.214190536839949573e+03
1.000000000000000000e+00 -9.999999999999999673e+98 2.190097291926641105e+02 1.145783591121342315e+00 1.218422547181187383e+03 1.811175698088496233e+02 8.269841274928907415e-01 1.218422547181187383e+03
1.000000000000000000e+00 -9.999999999999999673e+98 1.492653174371628211e+02 2.474308745682482602e+00 1.213440663464809177e+03 4.170089282803694886e+01 2.793742950072246045e-01 1.213440663464809177e+03
1.000000000000000000e+00 -9.999999999999999673e+98 2.730792767237593921e+02 4.124741799125088981e-01 1.215168438474406685e+03 3.962101065329084122e+02 1.450897744004592704e+00 1.215168438474406685e+03
1.000000000000000000e+00 -9.999999999999999673e+98 1.980979821569478929e+02 1.728246979871779443e+00 1.219703184913739733e+03 3.131198116707480494e+02 1.580631000181876411e+00 1.219703184913739733e+03
1.000000000000000000e+00 -9.999999999999999673e+98 2.902306703657283720e+02 6.532789676332603213e-01 1.212890423012909650e+03 3.752639870676208034e+02 1.292985288545622780e+00 1.212890423012909650e+03
1.000000000000000000e+00 -9.999999999999999673e+98 2.114590367917276126e+02 2.247023624474506764e+00 1.215449995476698632e+03 4.964385990457120812e+01 2.347682116487977144e-01 1.215449995476698632e+03
1.000000000000000000e+00 -9.999999999999999673e+98 2.898167081781700745e+02 1.637681671266412398e+00 1.211552607392280152e+03 1.079841099185929778e+02 3.725944946286802173e-01 1.211552607392280152e+03
1.000000000000000000e+00 -9.999999999999999673e+98 1.520940769992431569e+02 1.878680653674634993e+00 1.218721700583311076e+03 1.434931749094416773e+02 9.434501181144333559e-01 1.218721700583311076e+03
1.000000000000000000e+00 -9.999999999999999673e+98 2.826816358551741359e+02 2.226974407532213984e-01 1.217656544010550988e+03 2.061835453253661115e+02 7.293842937536976212e-01 1.217656544010550988e+03
1.000000000000000000e+00 -9.999999999999999673e+98 1.126237248887770335e+02 2.297601905853702942e+00 1.214553062062895378e+03 3.587285382558431479e+01 3.185195114174300124e-01 1.214553062062895378e+03
1.000000000000000000e+00 -9.999999999999999673e+98 2.599647514817850151e+02 6.012546519272994328e-01 1.215810475420631519e+03 1.649385319559215191e+02 6.344649842556762120e-01 1.215810475420631519e+03
1.000000000000000000e+00 -9.999999999999999673e+98 2.643177573034867578e+02 1.199524157499005927e-01 1.219605513486649897e+03 3.415756331263812058e+02 1.292291659141870719e+00 1.219605513486649897e+03
1.000000000000000000e+00 -9.999999999999999673e+98 1.397533586032725452e+02 2.526474148437369838e-01 1.214313084197210628e+03 1.252269674456822912e+02 8.960569441566887949e-01 1.214313084197210628e+03
1.000000000000000000e+00 -9.999999999999999673e+98 2.786345315333703070e+02 1.877327711219532125e+00 1.216747997850761294e+03 5.587579074066528761e+00 2.005343359029187339e-02 1.216747997850761294e+03
1.000000000000000000e+00 -9.999999999999999673e+98 1.341887271807463264e+02 1.259482370094676673e+00 1.216737577568211691e+03 2.750205047555089664e+02 2.049505279121311307e+00 1.216737577568211691e+03
1.000000000000000000e+00 -9.999999999999999673e+98 1.872830283064697596e+02 1.938789849374912500e+00 1.219543198126444167e+03 9.458939909640675126e+01 5.050612431448980866e-01 1.219543198126444167e+03
1.000000000000000000e+00 -9.999999999999999673e+98 2.989625182512655783e+02 2.255116448261663464e+00 1.214544400059156260e+03 2.489965748145169471e+02 8.328688702215362172e-01 1.214544400059156260e+03
1.000000000000000000e+00 -9.999999999999999673e+98 1.527822566224643595e+02 2.160300626660637491e+00 1.214348220631394497e+03 2.338052331445060474e+02 1.530316663159748458e+00 1.214348220631394497e+03
1.000000000000000000e+00 -9.999999999999999673e+98 1.781940015855966521e+02 1.549779338818491947e+00 1.212527608033566821e+03 2.628278694428245643e+01 1.474953517537870018e-01 1.212527608033566821e+03
1.000000000000000000e+00 -9.999999999999999673e+98 1.219890260266458029e+02 9.452656179087939314e-01 1.211862561421361534e+03 1.445507756067119089e+02 1.184949009881741233e+00 1.211862561421361534e+03
1.000000000000000000e+00 -9.999999999999999673e+98 1.683559193468007038e+02 2.986665004802577350e+00 1.218424520202567692e+03 2.028897039879541637e+02 1.205123673555049901e+00 1.218424520202567692e+03
1.000000000000000000e+00 -9.999999999999999673e+98 2.650225106076655948e+02 4.995019800609568073e-01 1.215525356729194982e+03 3.981773908508745308e+02 1.502428567059833409e+00 1.215525356729194982e+03
1.000000000000000000e+00 -9.999999999999999673e+98 2.737878939796509030e+02 6.136737478872371643e-01 1.213665083413231059e+03 2.135388181590037959e+02 7.799425133635562446e-01 1.213665083413231059e+03
1.000000000000000000e+00 -9.999999999999999673e+98 1.760725541617864565e+02 1.035461612570053092e+00 1.211271614215655973e+03 9.492502483506019928e+01 5.391244835798608692e-01 1.211271614215655973e+03
1.000000000000000000e+00 -9.999999999999999673e+98 2.860625206981189308e+02 2.877206197018402190e+00 1.211015832635566312e+03 1.836593501840191891e+02 6.420252109077737579e-01 1.211015832635566312e+03
1.000000000000000000e+00 -9.999999999999999673e+98 1.751375730556850669e+02 1.316231977444977108e+00 1.215496576309972170e+03 1.636548704649930812e+02 9.344360984890371924e-01 1.215496576309972170e+03
1.000000000000000000e+00 -9.999999999999999673e+98 1.516304036147891168e+02 2.273759731006413709e+00 1.214725801978637492e+03 3.094043507980460959e+02 2.040516568062928027e+00 1.214725801978637492e+03
1.000000000000000000e+00 -9.999999999999999673e+98 1.034525089176190420e+02 1.528816212802955210e+00 1.211663712006578862e+03 3.128088740312358027e+02 3.023695387420045400e+00 1.211663712006578862e+03
1.000000000000000000e+00 -9.999999999999999673e+98 1.834904085789508201e+02 1.595137616783885770e+00 1.217964175120714572e+03 4.126014765488599068e+01 2.248626943197027939e-01 1.217964175120714572e+03
1.000000000000000000e+00 -9.999999999999999673e+98 1.305865238751417223e+02 2.238823301341072547e+00 1.214381465351771340e+03 2.998674658989998534e+02 2.296312490756806213e+00 1.214381465351771340e+03
1.000000000000000000e+00 -9.999999999999999673e+98 2.734518522040513062e+02 1.316990249358404919e+00 1.214638260562625192e+03 8.259540524324795285e+01 3.020473424389709116e-01 1.214638260562625192e+03
1.000000000000000000e+00 -9.999999999999999673e+98 2.022970389554100166e+02 2.545523763224049496e+00 1.219061431549407416e+03 3.231382346585504024e+02 1.597345350812455544e+00 1.219061431549407416e+03
1.000000000000000000e+00 -9.999999999999999673e+98 1.204455703156504001e+02 3.000933383976087665e-01 1.212821461270998043e+03 3.395712518766899990e+01 2.819292158165545570e-01 1.212821461270998043e+03
1.000000000000000000e+00 -9.999999999999999673e+98 2.555823361922449806e+02 5.963538141762770861e-01 1.212607751241064534e+03 2.498518130500308700e+02 9.775785634187813544e-01 1.212607751241064534e+03
1.000000000000000000e+00 -9.999999999999999673e+98 2.608503255922499875e+02 2.487852831272135745e+00 1.218847172655151326e+03 3.600413572018798050e+02 1.380260332757571318e+00 1.218847172655151326e+03
1.000000000000000000e+00 -9.999999999999999673e+98 2.043047650601423300e+02 2.463610421204668111e+00 1.215298777987700305e+03 3.645029531907680109e+01 1.784113811948865869e-01 1.215298777987700305e+03
1.000000000000000000e+00 -9.999999999999999673e+98 1.212148167093505293e+02 6.685991125561461246e-01 1.217437544888595085e+03 5.739956377303032298e+01 4.735358707068235140e-01 1.217437544888595085e+03
1.000000000000000000e+00 -9.999999999999999673e+98 2.410131456184581396e+02 1.784348818685798310e+00 1.210226990514015370e+03 4.394259298363776622e+01 1.823244656256309826e-01 1.210226990514015370e+03
1.000000000000000000e+00 -9.999999999999999673e+98 2.195052544692236438e+02 9.908904503725418644e-01 1.210849475086568873e+03 2.891410891042476123e+02 1.317239943997730034e+00 1.210849475086568873e+03
1.000000000000000000e+00 -9.999999999999999673e+98 2.561189755066719727e+02 2.266724529322853510e+00 1.210999087736579440e+03 3.332928087024651518e+02 1.301320247916510908e+00 1.210999087736579440e+03
1.000000000000000000e+00 -9.999999999999999673e+98 2.355215141399833669e+02 4.147860274077498355e-01 1.216603822669991814e+03 3.568932796527431037e+02 1.515331968529303186e+00 1.216603822669991814e+03
1.000000000000000000e+00 -9.999999999999999673e+98 1.009300779519479647e+02 2.991007152920403644e+00 1.211327971117905463e+03 8.669670439825200958e+01 8.589778801075299564e-01 1.211327971117905463e+03
1.000000000000000000e+00 -9.999999999999999673e+98 2.653525856582544975e+02 2.482348002835260914e+00 1.210836829447253194e+03 1.879438303267855304e+02 7.082796267485288455e-01 1.210836829447253194e+03
1.000000000000000000e+00 -9.999999999999999673e+98 2.415644090392401608e+02 6.694415322875874041e-01 1.212205717341203353e+03 8.963832864818699875e+01 3.710742364932823611e-01 1.212205717341203353e+03
1.000000000000000000e+00 -9.999999999999999673e+98 1.850633182017028560e+02 1.653588832039094569e+00 1.214273412975659312e+03 9.766267046023617127e+01 5.277257071214533912e-01 1.214273412975659312e+03
1.000000000000000000e+00 -9.999999999999999673e+98 1.767403184228391524e+02 6.370574006260022459e-01 1.215387098701679406e+03 1.714969973559960579e+02 9.703331921452195141e-01 1.215387098701679406e+03
1.000000000000000000e+00 -9.999999999999999673e+98 1.029338542418684881e+02 8.264840544779753495e-01 1.212117547616422144e+03 1.888774949844787443e+02 1.834940471000575446e+00 1.212117547616422144e+03
1.000000000000000000e+00 -9.999999999999999673e+98 1.742332622318423887e+02 2.702137630885061537e+00 1.210316934178544670e+03 2.267495564750323069e+02 1.301413711540965412e+00 1.210316934178544670e+03
1.000000000000000000e+00 -9.999999999999999673e+98 2.504444720666644457e+02 1.915022508245277422e+00 1.210536307295544702e+03 1.739571366697787766e+02 6.945936368021493612e-01 1.210536307295544702e+03
1.000000000000000000e+00 -9.999999999999999673e+98 1.231389304566985743e+02 8.823010449154312651e-01 1.218182460038929548e+03 2.802745886881569959e+02 2.276084319139954459e+00 1.218182460038929548e+03
1.000000000000000000e+00 -9.999999999999999673e+98 2.263977580982339646e+02 1.429386419644829154e+00 1.213733617212949866e+03 2.151206980646613687e+01 9.501891709162620103e-02 1.213733617212949866e+03
1.000000000000000000e+00 -9.999999999999999673e+98 1.438292379288321001e+02 6.613227084075119500e-01 1.218211684750916675e+03 3.338277712271108157e+02 2.321000764756131041e+00 1.218211684750916675e+03
1.000000000000000000e+00 -9.999999999999999673e+98 2.596023976401834830e+02 5.369096034865593614e-01 1.211343374296018510e+03 1.591053450205893967e+02 6.128808765515103563e-01 1.211343374296018510e+03
1.000000000000000000e+00 -9.999999999999999673e+98 2.458799606732784468e+02 2.505802742592961430e+00 1.219087432583057307e+03 3.526149546744271106e+02 1.434093911959651413e+00 1.219087432583057307e+03
1.000000000000000000e+00 -9.999999999999999673e+98 2.630228842121737216e+02 2.063943438076622172e+00 1.210300053190852623e+03 3.922905526606260196e+02 1.491469283502250054e+00 1.210300053190852623e+03
1.000000000000000000e+00 -9.999999999999999673e+98 2.909615564093841158e+02 1.732527561686978412e-01 1.212945619118529066e+03 3.582254767042704202e+02 1.231178033019062035e+00 1.212945619118529066e+03
1.000000000000000000e+00 -9.999999999999999673e+98 2.924515941797557161e+02 1.088281963759313076e+00 1.218830476155410679e+03 1.800760617519567859e+02 6.157465554496954763e-01 1.218830476155410679e+03
1.000000000000000000e+00 -9.999999999999999673e+98 2.198037927489186529e+02 1.540236600187025573e+00 1.216812832025247644e+03 2.514282690147943811e+02 1.143875935307450797e+00 1.216812832025247644e+03
1.000000000000000000e+00 -9.999999999999999673e+98 1.518036672614110785e+02 7.472914388436590061e-01 1.219125879482213804e+03 2.223812027513223200e+01 1.464926419520381773e-01 1.219125879482213804e+03
1.000000000000000000e+00 -9.999999999999999673e+98 1.834155735280248791e+02 1.194272462074173147e+00 1.212477541766653758e+03 1.546335282113636822e+02 8.430774183291286361e-01 1.212477541766653758e+03
1.000000000000000000e+00 -9.999999999999999673e+98 2.714235516971773450e+02 3.225662067365827612e-01 1.212545066223691492e+03 1.795839422809588086e+02 6.616372866615405357e-01 1.212545066223691492e+03
1.000000000000000000e+00 -9.999999999999999673e+98 2.049773164919117221e+02 2.996953257020979144e+00 1.211108081879242036e+03 3.099459881294261976e+01 1.512098965066002720e-01 1.211108081879242036e+03
1.000000000000000000e+00 -9.999999999999999673e+98 1.804601848656915024e+02 5.178090547914060426e-01 1.219771703364969198e+03 2.506658498740285665e+02 1.389036867387607010e+00 1.219771703364969198e+03
1.000000000000000000e+00 -9.999999999999999673e+98 1.724230916572963679e+02 1.553419360212560107e-01 1.212750416099614995e+03 1.977937006774666031e+02 1.147141596733436408e+00 1.212750416099614995e+03
1.000000000000000000e+00 -9.999999999999999673e+98 1.092213640077980727e+02 2.013571616416499399e+00 1.217839841781472614e+03 3.264133973897208989e+02 2.988548992726514530e+00 1.217839841781472614e+03
1.000000000000000000e+00 -9.999999999999999673e+98 2.489639162883027268e+02 2.649311244218630179e+00 1.217017527962438635e+03 2.022924627937075286e+02 8.125372777292385607e-01 1.217017527962438635e+03
1.000000000000000000e+00 -9.999999999999999673e+98 1.221500956537229285e+02 1.297971062590648650e+00 1.212696275032135190e+03 2.108639791560216565e+02 1.726269455848722378e+00 1.212696275032135190e+03
1.000000000000000000e+00 -9.999999999999999673e+98 2.681639516122730811e+02 6.072828948290881490e-01 1.215312656229273898e+03 3.065838915118000614e+02 1.143270337674158199e+00 1.215312656229273898e+03
1.000000000000000000e+00 -9.999999999999999673e+98 1.005660269040839836e+02 9.116563449682667519e-01 1.214747733659827418e+03 2.801652620802991578e+02 2.785883769153076006e+00 1.214747733659827418e+03
1.000000000000000000e+00 -9.999999999999999673e+98 1.160900999589807725e+02 1.059868165268540885e+00 1.210962422028089122e+03 3.153231197634591467e+02 2.716193024856342397e+00 1.210962422028089122e+03
1.000000000000000000e+00 -9.999999999999999673e+98 1.886627955081879406e+02 2.806461336459200151e+00 1.217453038065611509e+03 1.294963170427240016e+02 6.863903224475642606e-01 1.217453038065611509e+03
1.000000000000000000e+00 -9.999999999999999673e+98 1.600271475436682067e+02 1.780235249942831999e+00 1.217673308790563169e+03 2.743666597367335953e+02 1.714500720334744654e+00 1.217673308790563169e+03
1.000000000000000000e+00 -9.999999999999999673e+98 2.377362879886103144e+02 1.738165309101397993e+00 1.219727997357190361e+03 1.762929606497624206e+02 7.415483859923329701e-01 1.219727997357190361e+03
1.000000000000000000e+00 -9.999999999999999673e+98 2.747782558862506335e+02 1.511534269340373493e+00 1.219700681685831114e+03 3.367451261094049642e+02 1.225515916546200845e+00 1.219700681685831114e+03
1.000000000000000000e+00 -9.999999999999999673e+98 1.521767729370927498e+02 5.344247036857637800e-01 1.217521724688757558e+03 1.691297251634910310e+02 1.111403020968294131e+00 1.217521724688757558e+03
1.000000000000000000e+00 -9.999999999999999673e+98 2.943497321704829801e+02 1.216246479870105368e+00 1.216147102294763727e+03 1.297580395284362851e+02 4.408294805353597523e-01 1.216147102294763727e+03
1.000000000000000000e+00 -9.999999999999999673e+98 2.921429196547504716e+02 1.412558460952122230e+00 1.215730187511908525e+03 1.546377845186855211e+02 5.293223765321227736e-01 1.215730187511908525e+03
1.000000000000000000e+00 -9.999999999999999673e+98 2.549887872310390549e+02 2.557549600888911367e+00 1.215546826940212441e+03 7.851581886618532735e+01 3.079187117159158937e-01 1.215546826940212441e+03
1.000000000000000000e+00 -9.999999999999999673e+98 2.637056800787331667e+02 2.218817411112346427e+00 1.211270204188406296e+03 2.428833011327934059e+02 9.210393233102793786e-01 1.211270204188406296e+03
1.000000000000000000e+00 -9.999999999999999673e+98 1.137796817831840315e+02 1.734054087100442565e-01 1.213731196691336208e+03 5.443559700861029427e+01 4.784298580860995020e-01 1.213731196691336208e+03
1.000000000000000000e+00 -9.999999999999999673e+98 1.461978657974496230e+02 1.520465490046968515e+00 1.217184319463278371e+03 2.595255422930958389e+02 1.775166421735981270e+00 1.217184319463278371e+03
1.000000000000000000e+00 -9.999999999999999673e+98 1.287478525367207567e+02 1.201509202674232002e+00 1.211273913267472381e+03 3.112928431291368838e+02 2.417848818413119716e+00 1.211273913267472381e+03
1.000000000000000000e+00 -9.999999999999999673e+98 1.268434899486994283e+02 2.649051975706921969e+00 1.214803047720566610e+03 6.291827909358036663e+01 4.960308102451850831e-01 1.214803047720566610e+03
1.000000000000000000e+00 -9.999999999999999673e+98 1.003448123758099939e+02 2.729691689268026078e+00 1.217491355901745237e+03 1.886694312196013357e+02 1.880211111591889805e+00 1.217491355901745237e+03
1.000000000000000000e+00 -9.999999999999999673e+98 2.439217933436197825e+02 9.302342608361121590e-01 1.217911751483715307e+03 3.222256782782682194e+01 1.321020454389409404e-01 1.217911751483715307e+03
1.000000000000000000e+00 -9.999999999999999673e+98 2.886926226689218993e+02 2.055306837206031023e+00 1.213247565982510650e+03 2.553234868433353881e+02 8.844129250096741668e-01 1.213247565982510650e+03
1.000000000000000000e+00 -9.999999999999999673e+98 1.215134213313709211e+02 8.419934027192818027e-01 1.219733021023585707e+03 3.220158508757631211e+01 2.650043487769270789e-01 1.219733021023585707e+03
1.000000000000000000e+00 -9.999999999999999673e+98 2.640400124612211243e+02 6.307881281483778135e-01 1.213763948863851283e+03 1.455654081812149947e+01 5.513005654875653000e-02 1.213763948863851283e+03
1.000000000000000000e+00 -9.999999999999999673e+98 2.103213495076009849e+02 9.999115444595823021e-01 1.212088513950620609e+03 1.432372972977398717e+02 6.810402159984395576e-01 1.212088513950620609e+03
1.000000000000000000e+00 -9.999999999999999673e+98 1.465253554431732823e+02 1.872900272850504644e+00 1.210493228478630726e+03 4.842401577477923524e+01 3.304821587248047976e-01 1.210493228478630726e+03
1.000000000000000000e+00 -9.999999999999999673e+98 2.542824831656249103e+02 2.301092389409255201e+00 1.217261995873932619e+03 1.126876903314030898e+02 4.431594694550974878e-01 1.217261995873932619e+03
1.000000000000000000e+00 -9.999999999999999673e+98 1.299223982998525173e+02 6.348172587343134943e-01 1.213576453367581962e+03 4.831867901790838005e+01 3.719041493245220376e-01 1.213576453367581962e+03
1.000000000000000000e+00 -9.999999999999999673e+98 1.462310982481749875e+02 1.904161316415403649e-01 1.211221544245417363e+03 1.752885750742936182e+02 1.198709283963688366e+00 1.211221544245417363e+03
1.000000000000000000e+00 -9.999999999999999673e+98 2.589780540727643938e+02 2.169961345732750235e+00 1.212609775157724926e+03 2.862751029005217163e+01 1.105402942058124061e-01 1.212609775157724926e+03
1.000000000000000000e+00 -9.999999999999999673e+98 1.481337070539275089e+02 1.250665163476747388e-01 1.211053799154002945e+03 5.688985540629411730e+01 3.840439595937714667e-01 1.211053799154002945e+03
1.000000000000000000e+00 -9.999999999999999673e+98 2.594981276113245485e+02 2.643639369162340547e+00 1.216963724118900473e+03 8.513055544622751825e+01 3.280584574149058574e-01 1.216963724118900473e+03
1.000000000000000000e+00 -9.999999999999999673e+98 1.597742937049831653e+02 2.846769829798299956e+00 1.215436301347984681e+03 6.564735963088441650e+00 4.108756052591265584e-02 1.215436301347984681e+03
1.000000000000000000e+00 -9.999999999999999673e+98 2.638331280910639975e+02 2.474071280927126804e+00 1.215976218763349380e+03 1.727400495327193255e+02 6.547322195001106238e-01 1.215976218763349380e+03
1.000000000000000000e+00 -9.999999999999999673e+98 1.285362398790527436e+02 1.323700334866722006e+00 1.214603680445050941e+03 8.882646397346691458e+01 6.910616341122856054e-01 1.214603680445050941e+03
1.000000000000000000e+00 -9.999999999999999673e+98 2.308579567311878975e+02 1.887193753044206779e-01 1.217552656076305766e+03 2.790064020296422882e+02 1.208563074802393222e+00 1.217552656076305766e+03
1.000000000000000000e+00 -9.999999999999999673e+98 2.411800935481110457e+02 2.434241166393058542e+00 1.216150686848269743e+03 3.631821204311891194e+01 1.505854463725634362e-01 1.216150686848269743e+03
1.000000000000000000e+00 -9.999999999999999673e+98 1.622925323009884551e+02 2.224434177091562770e+00 1.215875401856785174e+03 1.970129482274778923e+02 1.213937236878507742e+00 1.215875401856785174e+03
1.000000000000000000e+00 -9.999999999999999673e+98 2.509238835332980955e+02 1.714186538016084338e+00 1.213246971177208934e+03 1.587070658400446916e+02 6.324908717546767756e-01 1.213246971177208934e+03
1.000000000000000000e+00 -9.999999999999999673e+98 1.851025288104551976e+02 2.000685883760029871e+00 1.217597451618102014e+03 2.545343674095267374e+02 1.375099351938998460e+00 1.217597451618102014e+03
1.000000000000000000e+00 -9.999999999999999673e+98 1.588352842626186145e+02 1.509234683250717302e+00 1.218123245843992436e+03 5.406130882096991286e+01 3.403608277086898615e-01 1.218123245843992436e+03
1.000000000000000000e+00 -9.999999999999999673e+98 1.132493658843761466e+02 1.603780966524046558e+00 1.216351091717399640e+03 1.040192467939593968e+02 9.184973883223294111e-01 1.216351091717399640e+03
1.000000000000000000e+00 -9.999999999999999673e+98 2.129046921057802706e+02 1.727667717014946591e+00 1.219085734081023247e+03 2.483015664174210144e+02 1.166256900970759514e+00 1.219085734081023247e+03
1.000000000000000000e+00 -9.999999999999999673e+98 2.479169055683635179e+02 6.928931998021515826e-01 1.216473212208775294e+03 2.191333234354026160e+02 8.838982679822785515e-01 1.216473212208775294e+03
1.000000000000000000e+00 -9.999999999999999673e+98 2.633743512357087866e+02 2.015664571107665726e+00 1.215097447113733779e+03 1.815524093734418329e+02 6.893321560039086249e-01 1.215097447113733779e+03
1.000000000000000000e+00 -9.999999999999999673e+98 2.374708819181308570e+02 7.505651587483777032e-01 1.216842544913374923e+03 1.313986373624302075e+02 5.533252595058389955e-01 1.216842544913374923e+03
1.000000000000000000e+00 -9.999999999999999673e+98 2.263521410283760247e+02 2.726755684085356624e+00 1.211452045544033126e+03 2.466303643780292987e+02 1.089587062254079308e+00 1.211452045544033126e+03
1.000000000000000000e+00 -9.999999999999999673e+98 2.397672403148006595e+02 2.096008432947535360e-01 1.215310208807054778e+03 2.976493004727290668e+02 1.241409377202375763e+00 1.215310208807054778e+03
1.000000000000000000e+00 -9.999999999999999673e+98 2.602738217653618449e+02 2.792808847700603891e+00 1.217796231545294859e+03 2.973745962398384179e+01 1.142545163485258614e-01 1.217796231545294859e+03
1.000000000000000000e+00 -9.999999999999999673e+98 2.377162189948925857e+02 2.053692321951071931e-01 1.216418961618769117e+03 9.321253208066573848e+01 3.921168377773518454e-01 1.216418961618769117e+03
1.000000000000000000e+00 -9.999999999999999673e+98 1.379862634101081085e+02 1.174143821327028547e+00 1.216253667948199791e+03 3.965686333727846318e+02 2.873971825689238813e+00 1.216253667948199791e+03
1.000000000000000000e+00 -9.999999999999999673e+98 2.259817036499017604e+02 7.990260825675616907e-01 1.211606738622652756e+03 1.309833229255000902e+02 5.796191497362270795e-01 1.211606738622652756e+03
1.000000000000000000e+00 -9.999999999999999673e+98 1.471662281056817108e+02 1.394091224463769874e-01 1.211365299356653622e+03 4.646723741931992890e+01 3.157466085626063901e-01 1.211365299356653622e+03
1.000000000000000000e+00 -9.999999999999999673e+98 2.102748631689306080e+02 1.745578669201576449e+00 1.212940030527298177e+03 2.248673936567624025e+02 1.069397408077771283e+00 1.212940030527298177e+03
1.000000000000000000e+00 -9.999999999999999673e+98 1.928950217333783144e+02 2.790395057464017725e+00 1.214916662235745207e+03 3.181752017134048742e+02 1.649473370822344132e+00 1.214916662235745207e+03
1.000000000000000000e+00 -9.999999999999999673e+98 1.002724984050238959e+02 2.453133726131535575e+00 1.211131664203260016e+03 2.161208810900104140e+02 2.155335555887397891e+00 1.211131664203260016e+03
1.000000000000000000e+00 -9.999999999999999673e+98 1.046672734958052473e+02 1.599959960222875566e+00 1.212178226405911346e+03 3.246155027208425281e+02 3.101404019412544955e+00 1.212178226405911346e+03
1.000000000000000000e+00 -9.999999999999999673e+98 2.915365477174951252e+02 9.756593181279133997e-01 1.214471201498414985e+03 1.383002185906654802e+02 4.743838111325967000e-01 1.214471201498414985e+03
1.000000000000000000e+00 -9.999999999999999673e+98 2.005424742635372581e+02 2.117326622917619527e+00 1.211768144166380807e+03 4.998464510397004901e+00 2.492471746323630943e-02 1.211768144166380807e+03
1.000000000000000000e+00 -9.999999999999999673e+98 2.274552382393206358e+02 1.692632260273515987e+00 1.216430101824713347e+03 1.625090029142201331e+02 7.144658622600448261e-01 1.216430101824713347e+03
1.000000000000000000e+00 -9.999999999999999673e+98 1.844877062742930889e+02 1.245914300224108873e+00 1.211790112249987033e+03 2.768417823504831858e+02 1.500597454113715701e+00 1.211790112249987033e+03
1.000000000000000000e+00 -9.999999999999999673e+98 2.475718946118265364e+02 1.470254780714822518e+00 1.213563143991081461e+03 3.310394729587720803e+02 1.337144805866660402e+00 1.213563143991081461e+03
1.000000000000000000e+00 -9.999999999999999673e+98 2.802468729935401370e+02 7.374249879280533326e-01 1.216972459060344136e+03 1.678979526686715928e+02 5.991073187551382295e-01 1.216972459060344136e+03
1.000000000000000000e+00 -9.999999999999999673e+98 2.395431231392976201e+02 2.572750092613322437e+00 1.211098725264314226e+03 2.873409332414308892e+02 1.199537392164408578e+00 1.211098725264314226e+03
1.000000000000000000e+00 -9.999999999999999673e+98 1.254374734231770816e+02 2.858794446735439809e+00 1.212857144849531096e+03 6.932826558991567367e+01 5.526918208566682367e-01 1.212857144849531096e+03
1.000000000000000000e+00 -9.999999999999999673e+98 1.595314125964065965e+02 2.236811668858444513e+00 1.212935993361647206e+03 1.112638893940462594e+02 6.974418867306666492e-01 1.212935993361647206e+03
1.000000000000000000e+00 -9.999999999999999673e+98 2.461049398842598634e+02 1.337255958880814999e-01 1.216121326846193369e+03 1.029454676656027523e+01 4.182990707704475203e-02 1.216121326846193369e+03
1.000000000000000000e+00 -9.999999999999999673e+98 1.138407584016051430e+02 1.805886643799415658e+00 1.210844347221365524e+03 3.726498905491940832e+02 3.273431201455697437e+00 1.210844347221365524e+03
1.000000000000000000e+00 -9.999999999999999673e+98 2.965614302763448222e+02 4.878721315989306140e-01 1.219169716052181684e+03 1.269753152540829433e+02 4.281585610636000072e-01 1.219169716052181684e+03
1.000000000000000000e+00 -9.999999999999999673e+98 1.573535803128097541e+02 1.163269341333962537e+00 1.213213209779693670e+03 1.714405609358054789e+02 1.089524373039314487e+00 1.213213209779693670e+03
1.000000000000000000e+00 -9.999999999999999673e+98 2.369280284067290836e+02 2.790593926449712825e+00 1.215377476789062030e+03 2.312971575216472218e+02 9.762338338652973846e-01 1.215377476789062030e+03
1.000000000000000000e+00 -9.999999999999999673e+98 1.655039857666141359e+02 2.294973843125995838e+00 1.217210621330380263e+03 3.266242044314120108e+02 1.973512619158320103e+00 1.217210621330380263e+03
1.000000000000000000e+00 -9.999999999999999673e+98 1.549968777001607236e+02 2.885310287347584435e+00 1.212777639463208516e+03 1.378030669615268096e+02 8.890699542225934948e-01 1.212777639463208516e+03
1.000000000000000000e+00 -9.999999999999999673e+98 2.339435976550066130e+02 3.514942445694037021e-01 1.211102102729906392e+03 2.325679146251709994e+02 9.941195953057697654e-01 1.211102102729906392e+03
1.000000000000000000e+00 -9.999999999999999673e+98 1.512812022166714314e+02 2.507158192222160853e+00 1.216363666230002536e+03 3.801720942618723029e+02 2.513016083236657039e+00 1.216363666230002536e+03
1.000000000000000000e+00 -9.999999999999999673e+98 2.075965689703797068e+02 1.538609486785515346e+00 1.216957096100622721e+03 9.300237419825219121e+00 4.479957190984305837e-02 1.216957096100622721e+03
1.000000000000000000e+00 -9.999999999999999673e+98 2.046962474473612019e+02 2.361667617174735501e+00 1.215748430927019399e+03 1.267779271664633001e+02 6.193466111246859196e-01 1.215748430927019399e+03
1.000000000000000000e+00 -9.999999999999999673e+98 1.554731041783258263e+02 1.267758011760627967e+00 1.212605574046637685e+03 1.044244710908805587e+02 6.716561790077010263e-01 1.212605574046637685e+03
1.000000000000000000e+00 -9.999999999999999673e+98 1.633950151130852930e+02 2.891138535763838835e+00 1.218285367681408161e+03 1.314669235824430586e+02 8.045956817682297091e-01 1.218285367681408161e+03
1.000000000000000000e+00 -9.999999999999999673e+98 1.767603658756729601e+02 1.242659690523314486e+00 1.214211784549715048e+03 3.351600484427756754e+01 1.896126695497538650e-01 1.214211784549715048e+03
1.000000000000000000e+00 -9.999999999999999673e+98 1.773153456638576699e+02 1.864479248625587449e+00 1.218230277840635608e+03 6.405450691059569124e+01 3.612462681714297408e-01 1.218230277840635608e+03
1.000000000000000000e+00 -9.999999999999999673e+98 1.873193625201699319e+02 2.571361179288728760e+00 1.212054955986893447e+03 3.289242131310412560e+02 1.755954156077291772e+00 1.212054955986893447e+03
1.000000000000000000e+00 -9.999999999999999673e+98 1.378434426517487736e+02 2.836318893714010247e+00 1.216947153192814994e+03 2.071513105358806115e+02 1.502801341513451794e+00 1.216947153192814994e+03
1.000000000000000000e+00 -9.999999999999999673e+98 1.948164809516465823e+02 1.850826159706505436e+00 1.215335408021194326e+03 1.693152217922850298e+02 8.691011200141174342e-01 1.215335408021194326e+03
1.000000000000000000e+00 -9.999999999999999673e+98 2.336404548668720906e+02 2.004503552695742763e-01 1.214217487610255603e+03 3.731255757199670597e+02 1.597007572736379721e+00 1.214217487610255603e+03
1.000000000000000000e+00 -9.999999999999999673e+98 1.041499817406340611e+02 2.319893194895803923e+00 1.218104298755875334e+03 1.201839520900792309e+02 1.153950774464605811e+00 1.218104298755875334e+03
1.000000000000000000e+00 -9.999999999999999673e+98 1.364494485007545279e+02 7.024565959813143801e-01 1.216032273947027988e+03 3.284195535443143967e+02 2.406895426495610391e+00 1.216032273947027988e+03
1.000000000000000000e+00 -9.999999999999999673e+98 2.223604785154747958e+02 1.693786592038721617e+00 1.210945582262979769e+03 3.784116053800949544e+02 1.701793447767562917e+00 1.210945582262979769e+03
1.000000000000000000e+00 -9.999999999999999673e+98 1.943083260390164924e+02 8.790936253271816048e-01 1.211232472797649507e+03 2.426522301664780059e+02 1.248799961962279603e+00 1.211232472797649507e+03
1.000000000000000000e+00 -9.999999999999999673e+98 1.684278876386474053e+02 2.716850642977028496e+00 1.213174407955896413e+03 2.967018029155350689e+01 1.761595464238631115e-01 1.213174407955896640e+03
1.000000000000000000e+00 -9.999999999999999673e+98 1.141153625778468381e+02 1.835041868034624768e-01 1.217280241680739437e+03 3.549957209953388428e+02 3.110849520836154181e+00 1.217280241680739437e+03
1.000000000000000000e+00 -9.999999999999999673e+98 1.814034002848461569e+02 1.669776946121381833e+00 1.216854747591529076e+03 1.301979689718136228e+02 7.177261769480179909e-01 1.216854747591529076e+03
1.000000000000000000e+00 -9.999999999999999673e+98 2.585969415609176849e+02 2.390199393232305791e+00 1.216920234950887107e+03 3.621993040915811548e+02 1.400632590259223376e+00 1.216920234950887107e+03
1.000000000000000000e+00 -9.999999999999999673e+98 1.929323399933161909e+02 6.737701886904281512e-01 1.212924955200904606e+03 1.126035480671448710e+02 5.836426804912324684e-01 1.212924955200904606e+03
1.000000000000000000e+00 -9.999999999999999673e+98 1.306210576707184998e+02 6.022696406414401737e-01 1.210986827771333992e+03 3.103118965564627274e+02 2.375665165250194999e+00 1.210986827771333992e+03
1.000000000000000000e+00 -9.999999999999999673e+98 1.667366078784607453e+02 3.927597008379535293e-01 1.212369460628685829e+03 1.950257525432532901e+01 1.169663669093072428e-01 1.212369460628685829e+03
1.000000000000000000e+00 -9.999999999999999673e+98 2.238737825300644886e+02 1.433775720804902010e+00 1.214991418916287785e+03 1.810155271647888924e+02 8.085606323307640286e-01 1.214991418916287785e+03
1.000000000000000000e+00 -9.999999999999999673e+98 1.262801420233074623e+02 1.175581166076161255e+00 1.210682985304746126e+03 1.404056431353416201e+02 1.111858451263279646e+00 1.210682985304746126e+03
1.000000000000000000e+00 -9.999999999999999673e+98 2.834295255701555334e+02 3.635303255725181870e-01 1.211110199213811029e+03 1.517758438955040390e+02 5.354976465143745923e-01 1.211110199213811029e+03
1.000000000000000000e+00 -9.999999999999999673e+98 1.015504527643146702e+02 2.038380747284852301e+00 1.213003653174488591e+03 1.223820601574732159e+01 1.205135544215701210e-01 1.213003653174488591e+03
1.000000000000000000e+00 -9.999999999999999673e+98 1.267141731864404619e+02 1.236366656189081148e+00 1.210861394737367391e+03 1.918389801806754491e+01 1.513950455237661752e-01 1.210861394737367391e+03
1.000000000000000000e+00 -9.999999999999999673e+98 1.834813846391254515e+02 1.527230431035486724e+00 1.215028592357870593e+03 3.740115676270332301e+01 2.038416967272435043e-01 1.215028592357870593e+03
1.000000000000000000e+00 -9.999999999999999673e+98 2.654339480948965502e+02 2.970525251648656884e+00 1.210069870255191745e+03 7.216372131620532571e+01 2.718707303046471457e-01 1.210069870255191745e+03
1.000000000000000000e+00 -9.999999999999999673e+98 2.434978877468690541e+02 2.103016216065117572e+00 1.213548345680418606e+03 2.006923269957871980e+02 8.242056177687222540e-01 1.213548345680418606e+03
1.000000000000000000e+00 -9.999999999999999673e+98 2.682191558002423335e+02 2.266457898863167397e+00 1.210319964701154731e+03 1.206701105010696864e+02 4.498937077817790064e-01 1.210319964701154731e+03
1.000000000000000000e+00 -9.999999999999999673e+98 2.496667317211303612e+02 1.463411671161564342e+00 1.213234553002817620e+03 1.408850973617079205e+02 5.642926327848597490e-01 1.213234553002817620e+03
1.000000000000000000e+00 -9.999999999999999673e+98 1.420127973754548236e+02 1.615802580982893311e+00 1.211775306327506314e+03 1.006498267446995385e+02 7.087377236757088639e-01 1.211775306327506314e+03
1.000000000000000000e+00 -9.999999999999999673e+98 1.746129102252427856e+02 4.853172068272132433e-01 1.210625283427931890e+03 2.190746957920897131e+01 1.254630574048008484e-01 1.210625283427931890e+03
1.000000000000000000e+00 -9.999999999999999673e+98 1.839004231949754740e+02 3.311040882558113907e-01 1.218998655026021652e+03 1.846549008773037883e+02 1.004102642447583627e+00 1.218998655026021652e+03
1.000000000000000000e+00 -9.999999999999999673e+98 1.678951279782572215e+02 9.665000903893098405e-01 1.212110342737390965e+03 2.689048930644659663e+02 1.601624158500237982e+00 1.212110342737390965e+03
1.000000000000000000e+00 -9.999999999999999673e+98 2.807243732544800423e+02 1.318169553975538921e+00 1.211729774454033077e+03 2.752466892778783176e+02 9.804873231593748129e-01 1.211729774454033077e+03
1.000000000000000000e+00 -9.999999999999999673e+98 2.165393083692335381e+02 3.822086028593357776e-01 1.219351290357205698e+03 1.364682436134614250e+02 6.302238824036586751e-01 1.219351290357205698e+03
1.000000000000000000e+00 -9.999999999999999673e+98 1.711260098036317459e+02 2.021107900059210483e+00 1.217190117207358298e+03 3.348968610120379594e+02 1.957019049274475453e+00 1.217190117207358298e+03
1.000000000000000000e+00 -9.999999999999999673e+98 2.639461462267556726e+02 2.982730614104562861e+00 1.212121459241425782e+03 7.265415427874160059e+01 2.752612808232651753e-01 1.212121459241425782e+03
1.000000000000000000e+00 -9.999999999999999673e+98 1.398900761685704026e+02 2.476084981935865181e-01 1.219932665478350827e+03 1.689267987021279396e+02 1.207568137274924958e+00 1.219932665478350827e+03
1.000000000000000000e+00 -9.999999999999999673e+98 2.981867008757251369e+02 1.029330711667241438e+00 1.218316100166081242e+03 1.977478390005475148e+02 6.631678690558456823e-01 1.218316100166081242e+03
1.000000000000000000e+00 -9.999999999999999673e+98 1.225841806231577920e+02 1.316964465705097398e+00 1.210792401919481335e+03 1.227993188923013292e+02 1.001755024735246247e+00 1.210792401919481335e+03
1.000000000000000000e+00 -9.999999999999999673e+98 1.195572743902094714e+02 1.637711409562520593e-01 1.215697647409891715e+03 1.896600936490299887e+02 1.586353441196893144e+00 1.215697647409891715e+03
1.000000000000000000e+00 -9.999999999999999673e+98 2.420427055742953257e+02 7.756696983324792294e-01 1.211302960240822358e+03 3.279008441611627518e+02 1.354723098897575140e+00 1.211302960240822358e+03
1.000000000000000000e+00 -9.999999999999999673e+98 2.104011834886853478e+02 5.209354837597347521e-01 1.216234274408449437e+03 3.252542254865664972e+02 1.545876406650809276e+00 1.216234274408449437e+03
1.000000000000000000e+00 -9.999999999999999673e+98 1.316675623199912479e+02 1.079345743963666227e+00 1.213349736721489535e+03 3.444037126379522533e+02 2.615706606620004315e+00 1.213349736721489535e+03
1.000000000000000000e+00 -9.999999999999999673e+98 1.199245132615282046e+02 1.250493225890475957e+00 1.211616470530060724e+03 3.126204645541283966e+01 2.606810368055227922e-01 1.211616470530060724e+03
1.000000000000000000e+00 -9.999999999999999673e+98 2.100286926082314665e+02 1.973565652272478266e+00 1.217273069709928905e+03 3.030947130381503598e+02 1.443110982952771293e+00 1.217273069709928905e+03
1.000000000000000000e+00 -9.999999999999999673e+98 1.492194352618842004e+02 8.997498664470438001e-01 1.211114276644470237e+03 2.095601608191534240e+02 1.404375780215020963e+00 1.211114276644470237e+03
1.000000000000000000e+00 -9.999999999999999673e+98 1.779118119111542171e+02 3.719596748232663064e-01 1.214499076253389831e+03 1.792991378963441775e+02 1.007797829555481028e+00 1.214499076253389831e+03
1.000000000000000000e+00 -9.999999999999999673e+98 2.465504323312350152e+02 1.412650038981382861e-01 1.217081100321202712e+03 6.033809488194506088e+01 2.447292195411045757e-01 1.217081100321202712e+03
1.000000000000000000e+00 -9.999999999999999673e+98 2.724321177632978106e+02 7.031202222715181582e-01 1.215410535306577685e+03 3.902932575182563824e+02 1.432625715068448713e+00 1.215410535306577685e+03
1.000000000000000000e+00 -9.999999999999999673e+98 2.863288036493694904e+02 2.652837262864858658e+00 1.215990480376534151e+03 7.629185116694303304e+01 2.664483984655905413e-01 1.215990480376534151e+03
1.000000000000000000e+00 -9.999999999999999673e+98 2.422661678987209086e+02 6.548479163214931953e-01 1.216413817759198309e+03 2.390120016178296680e+01 9.865678055292820270e-02 1.216413817759198309e+03
1.000000000000000000e+00 -9.999999999999999673e+98 1.701948095930919180e+02 2.023584332784438278e+00 1.211416487837781915e+03 2.055145083897072880e+02 1.207525123010854573e+00 1.211416487837781915e+03
1.000000000000000000e+00 -9.999999999999999673e+98 2.648084574621891534e+02 7.247464362748572420e-01 1.211643171475438294e+03 1.483750446042160718e+02 5.603108224947909166e-01 1.211643171475438294e+03
1.000000000000000000e+00 -9.999999999999999673e+98 2.039512820196620737e+02 1.290523366058435650e+00 1.214119938256120577e+03 4.786017526033595004e+01 2.346647433955426354e-01 1.214119938256120577e+03
1.000000000000000000e+00 -9.999999999999999673e+98 1.417393796372835482e+02 6.248919713781165841e-01 1.219213024954951152e+03 5.541109080218609151e+00 3.909364563608587473e-02 1.219213024954951152e+03
1.000000000000000000e+00 -9.999999999999999673e+98 1.076516526667381584e+02 1.049622987974702548e+00 1.212266932866828711e+03 2.915751424953467676e+02 2.708505956689661431e+00 1.212266932866828711e+03
1.000000000000000000e+00 -9.999999999999999673e+98 2.104917832471219015e+02 1.756384966295258643e+00 1.218617470160116227e+03 2.665025487876051784e+02 1.266094783731892326e+00 1.218617470160116227e+03
1.000000000000000000e+00 -9.999999999999999673e+98 1.601707312801430874e+02 2.382373035923095905e+00 1.213072135577005383e+03 9.289055197541218334e+00 5.799471053980768259e-02 1.213072135577005383e+03
1.000000000000000000e+00 -9.999999999999999673e+98 1.963149256523321924e+02 1.586590486283099066e+00 1.213852786046272740e+03 1.171278295434049284e+02 5.966323200042098485e-01 1.213852786046272740e+03
1.000000000000000000e+00 -9.999999999999999673e+98 2.827037944112533410e+02 2.659970315649589967e+00 1.216662226145429713e+03 3.102716633227648799e+02 1.097515029711303214e+00 1.216662226145429713e+03
