weight logl C sigma mu1 a1 W lam0
1.000000000000000000e+00 -9.999999999999999673e+98 1.464899750880588556e+02 2.774584460591548840e+00 1.219921678352034405e+03 3.709232182094103223e+02 2.532072368682150021e+00 1.219921678352034405e+03
1.000000000000000000e+00 -9.999999999999999673e+98 2.268049864084583760e+02 2.411739818245505429e+00 1.210411740014656743e+03 5.105872952994583613e+01 2.251217239024585759e-01 1.210411740014656743e+03
1.000000000000000000e+00 -9.999999999999999673e+98 1.663175686940330138e+02 1.568176749543805648e-01 1.217997543746640531e+03 1.336648712637478695e+02 8.036725904143364740e-01 1.217997543746640531e+03
1.000000000000000000e+00 -9.999999999999999673e+98 2.617540383155883887e+02 7.837754506142540212e-01 1.216490662860640441e+03 1.704435066064087607e+02 6.511590335080543746e-01 1.216490662860640441e+03
1.000000000000000000e+00 -9.999999999999999673e+98 1.950313271391154899e+02 9.349563838250002368e-01 1.219560210388920495e+03 3.813998598808569227e+02 1.955582549098920486e+00 1.219560210388920495e+03
1.000000000000000000e+00 -9.999999999999999673e+98 1.646738676669704091e+02 1.250263234629611864e+00 1.216596215110863113e+03 2.093496630181097373e+01 1.271298633985386284e-01 1.216596215110863113e+03
1.000000000000000000e+00 -9.999999999999999673e+98 2.621675664163192323e+02 2.659593185077196775e+00 1.210521556642928317e+03 3.614363518353421227e+02 1.378646324470911733e+00 1.210521556642928317e+03
1.000000000000000000e+00 -9.999999999999999673e+98 1.718110982286623027e+02 6.644512865846493588e-01 1.213822169858583038e+03 1.752887130050371240e+02 1.020240920477363478e+00 1.213822169858583038e+03
1.000000000000000000e+00 -9.999999999999999673e+98 1.216689246494047438e+02 2.195696207880450501e+00 1.218214074416979201e+03 3.727243088004969707e+01 3.063430616112710614e-01 1.218214074416979201e+03
1.000000000000000000e+00 -9.999999999999999673e+98 2.769105188934122452e+02 1.653197370524778664e+00 1.210809108482216516e+03 3.728588881210281443e+02 1.346495935261123655e+00 1.210809108482216516e+03
1.000000000000000000e+00 -9.999999999999999673e+98 1.519847037857338705e+02 1.792154035369189824e+00 1.218717879126022126e+03 3.442843472317061071e+01 2.265256559746129938e-01 1.218717879126022126e+03
1.000000000000000000e+00 -9.999999999999999673e+98 1.690507921911261633e+02 2.920435241301217122e+00 1.213910041326932514e+03 9.762326609280505352e+01 5.774789033962864915e-01 1.213910041326932514e+03
1.000000000000000000e+00 -9.999999999999999673e+98 1.020990937858970113e+02 1.940517367852748754e+00 1.215224097233366592e+03 6.825557910570192632e+01 6.685228690553773889e-01 1.215224097233366592e+03
1.000000000000000000e+00 -9.999999999999999673e+98 2.605326886168527381e+02 1.577297364176139638e+00 1.210863799010908224e+03 1.796266133173447201e+02 6.894590243971613353e-01 1.210863799010908224e+03
1.000000000000000000e+00 -9.999999999999999673e+98 2.704676130531773879e+02 2.286517799602143963e+00 1.210188362821128294e+03 6.111471397090362245e+00 2.259594532632181949e-02 1.210188362821128294e+03
1.000000000000000000e+00 -9.999999999999999673e+98 1.780423815320794461e+02 1.833446327914093787e+00 1.213121318000722340e+03 1.969603786095809426e+02 1.106255583163455292e+00 1.213121318000722340e+03
1.000000000000000000e+00 -9.999999999999999673e+98 2.312937906028483042e+02 5.279027753749947482e-01 1.218156563261639349e+03 1.941426346602770252e+02 8.393767690618073596e-01 1.218156563261639349e+03
1.000000000000000000e+00 -9.999999999999999673e+98 1.495295705892351066e+02 2.981044228818416020e+00 1.211389551411041111e+03 2.217359854629625033e+02 1.482890538568333527e+00 1.211389551411041111e+03
1.000000000000000000e+00 -9.999999999999999673e+98 2.612190076589378123e+02 2.199683394496323996e-01 1.216339956562139605e+03 7.632803957647351467e+01 2.921994086897829468e-01 1.216339956562139605e+03
1.000000000000000000e+00 -9.999999999999999673e+98 1.962720899590225372e+02 1.182001779277523923e+00 1.215178084225503198e+03 2.658921304672497854e+02 1.354711872293011377e+00 1.215178084225503198e+03
1.000000000000000000e+00 -9.999999999999999673e+98 2.385218903368757708e+02 2.797358198399677587e+00 1.211169404971962422e+03 1.627111942338273707e+02 6.821646181154384925e-01 1.211169404971962422e+03
1.000000000000000000e+00 -9.999999999999999673e+98 2.507945617655135777e+02 1.794361621229719539e+00 1.216007148240550350e+03 3.821303762865508702e+01 1.523678877231129380e-01 1.216007148240550350e+03
1.000000000000000000e+00 -9.999999999999999673e+98 1.626644299701633827e+02 1.212656179780326138e+00 1.214125346708793131e+03 1.454059898416539340e+02 8.939015731240378404e-01 1.214125346708793131e+03
1.000000000000000000e+00 -9.999999999999999673e+98 2.534824809011705611e+02 1.273339666467466491e-01 1.212145439854281676e+03 3.623219553325051834e+02 1.429376712916778258e+00 1.212145439854281676e+03
1.000000000000000000e+00 -9.999999999999999673e+98 2.409805870146805944e+02 3.846004106512128651e-01 1.218407966708131880e+03 3.745337017681649172e-01 1.554206944252103841e-03 1.218407966708131880e+03
1.000000000000000000e+00 -9.999999999999999673e+98 2.087010866091148671e+02 2.765659872534001362e+00 1.217592330449894462e+03 3.932746226070333364e+02 1.884391830424985148e+00 1.217592330449894462e+03
1.000000000000000000e+00 -9.999999999999999673e+98 1.003212529019136667e+02 2.992101598167339116e+00 1.219159286951947934e+03 9.035641094375988303e+01 9.006706787454435981e-01 1.219159286951947934e+03
1.000000000000000000e+00 -9.999999999999999673e+98 2.517637267590795034e+02 9.706736269019934360e-01 1.215591242854290158e+03 2.447036213194052721e+02 9.719574160640295224e-01 1.215591242854290158e+03
1.000000000000000000e+00 -9.999999999999999673e+98 2.807032995739854186e+02 1.045659140721918456e+00 1.215877478671439803e+03 2.597436191035359911e+02 9.253315493538577519e-01 1.215877478671439803e+03
1.000000000000000000e+00 -9.999999999999999673e+98 1.687133484239427048e+02 2.002004769767832038e+00 1.216795423972463368e+03 1.198840720947542735e+02 7.105784646838358976e-01 1.216795423972463368e+03
1.000000000000000000e+00 -9.999999999999999673e+98 1.137497321024307126e+02 2.229152549043857512e+00 1.218879336198514693e+03 2.285837294002992905e+02 2.009532024167419717e+00 1.218879336198514920e+03
1.000000000000000000e+00 -9.999999999999999673e+98 2.520052617467527796e+02 7.521040006864053717e-01 1.215467824260658972e+03 1.778744494824811966e+02 7.058362521860049865e-01 1.215467824260658972e+03
1.000000000000000000e+00 -9.999999999999999673e+98 1.874586293259831109e+02 2.452426925550032166e+00 1.216894308180009602e+03 2.951983049317832410e+02 1.574738415580992701e+00 1.216894308180009602e+03
1.000000000000000000e+00 -9.999999999999999673e+98 2.367024298356149359e+02 1.945326483891446578e+00 1.217473713863797684e+03 8.491600407238735215e+01 3.587458064176181072e-01 1.217473713863797684e+03
1.000000000000000000e+00 -9.999999999999999673e+98 2.219990282243497290e+02 2.275698220640711256e+00 1.213074617048911705e+03 1.325979553686096324e+00 5.972907018070711116e-03 1.213074617048911705e+03
1.000000000000000000e+00 -9.999999999999999673e+98 1.552492440953232062e+02 2.792136254166033726e+00 1.214072594364288989e+03 3.283660755735760404e+02 2.115089690046792814e+00 1.214072594364288989e+03
1.000000000000000000e+00 -9.999999999999999673e+98 1.354752001223161813e+02 2.388198958687511642e+00 1.217043474925472310e+03 2.091476412239154001e+02 1.543807582753764063e+00 1.217043474925472310e+03
1.000000000000000000e+00 -9.999999999999999673e+98 1.454855184852965806e+02 2.261759804189648282e+00 1.215016433901842220e+03 2.392301908028792070e+02 1.644357412982357269e+00 1.215016433901842220e+03
1.000000000000000000e+00 -9.999999999999999673e+98 2.977871337883265141e+02 2.122848065922223970e+00 1.211372121995217412e+03 1.027280933682073680e+02 3.449715642893715351e-01 1.211372121995217412e+03
1.000000000000000000e+00 -9.999999999999999673e+98 1.929592005357302469e+02 2.574197448797995058e+00 1.218461856990327306e+03 3.384519584533254601e+02 1.754007881011376391e+00 1.218461856990327306e+03
1.000000000000000000e+00 -9.999999999999999673e+98 1.739029881773027455e+02 3.143106545632055049e-01 1.210373632654064522e+03 2.491639488493085253e+02 1.432775546072120987e+00 1.210373632654064522e+03
1.000000000000000000e+00 -9.999999999999999673e+98 1.112258039820800661e+02 5.316279439671245388e-01 1.217106484992124024e+03 1.204976803366086813e+00 1.083360839145046210e-02 1.217106484992124024e+03
1.000000000000000000e+00 -9.999999999999999673e+98 1.647067197709524180e+02 1.797418882000866747e+00 1.215002981991551451e+03 6.876677792418881552e+01 4.175104574957146375e-01 1.215002981991551451e+03
1.000000000000000000e+00 -9.999999999999999673e+98 2.239838330203549219e+02 4.223061867842710093e-01 1.211259961819369664e+03 2.535151541139309188e+02 1.131845770720837141e+00 1.211259961819369664e+03
1.000000000000000000e+00 -9.999999999999999673e+98 1.587860137196664994e+02 2.081441024689868247e+00 1.215672337622401074e+03 2.686417591231461302e+02 1.691847744206411930e+00 1.215672337622401074e+03
1.000000000000000000e+00 -9.999999999999999673e+98 2.599287737291837743e+02 1.110683654315205882e+00 1.215720614530406692e+03 5.980302101293970907e+01 2.300746475849867190e-01 1.215720614530406692e+03
1.000000000000000000e+00 -9.999999999999999673e+98 2.125910682003641909e+02 7.261809276681971959e-01 1.210319125229025758e+03 1.601062121202254787e+02 7.531182446918586182e-01 1.210319125229025758e+03
1.000000000000000000e+00 -9.999999999999999673e+98 2.930537439850866122e+02 2.619488856677675948e+00 1.219148279215045704e+03 2.604849017633275707e+02 8.888639272139227110e-01 1.219148279215045704e+03
1.000000000000000000e+00 -9.999999999999999673e+98 2.510846345800216000e+02 1.727289685046556666e+00 1.218377489262185463e+03 3.649642779836257205e+02 1.453550825975813643e+00 1.218377489262185463e+03
1.000000000000000000e+00 -9.999999999999999673e+98 2.569666512427544376e+02 1.284804501878999528e+00 1.211689166198911380e+03 1.681642746292740469e+02 6.544206176793366803e-01 1.211689166198911380e+03
1.000000000000000000e+00 -9.999999999999999673e+98 2.965226689403259570e+02 1.594181255639227190e+00 1.211833311057063156e+03 3.127723470799605821e+02 1.054800795492990773e+00 1.211833311057063156e+03
1.000000000000000000e+00 -9.999999999999999673e+98 2.492881703718163635e+02 1.439707953668312446e-01 1.215759921087657631e+03 1.095366128717202514e+02 4.393975562833368764e-01 1.215759921087657631e+03
1.000000000000000000e+00 -9.999999999999999673e+98 1.270235349058192327e+02 9.818565840951904988e-01 1.213592959623938668e+03 3.804437469471425857e+02 2.995065026565510991e+00 1.213592959623938668e+03
1.000000000000000000e+00 -9.999999999999999673e+98 1.354262491361475327e+02 2.068283552885484156e+00 1.212856907989271349e+03 2.056165278889010608e+02 1.518291536540965714e+00 1.212856907989271349e+03
1.000000000000000000e+00 -9.999999999999999673e+98 2.692397500176138010e+02 1.817738279177318339e-01 1.219388492477000455e+03 3.589537489894759688e+02 1.333212309720214206e+00 1.219388492477000455e+03
1.000000000000000000e+00 -9.999999999999999673e+98 1.511071947878215553e+02 1.144615296528017634e+00 1.213773463057659228e+03 1.540662174658752122e+02 1.019582275233211766e+00 1.213773463057659228e+03
1.000000000000000000e+00 -9.999999999999999673e+98 1.440901986063999516e+02 1.008256831377979834e+00 1.215110530352655132e+03 3.929624599103008791e+02 2.727197711648146505e+00 1.215110530352655132e+03
1.000000000000000000e+00 -9.999999999999999673e+98 2.719246564094552241e+02 1.658300519526814121e+00 1.212286621588899607e+03 2.275062484724668082e+02 8.366517824330551578e-01 1.212286621588899607e+03
1.000000000000000000e+00 -9.999999999999999673e+98 1.780834625917450467e+02 2.108184921908720533e+00 1.211949842758758905e+03 2.789289673888530885e+01 1.566282255126044964e-01 1.211949842758758905e+03
1.000000000000000000e+00 -9.999999999999999673e+98 1.991298471269334982e+02 4.953772276920141993e-01 1.215382221338985801e+03 3.386452867079258340e+02 1.700625454164385042e+00 1.215382221338985801e+03
1.000000000000000000e+00 -9.999999999999999673e+98 2.185001776659175334e+02 1.273545925252530076e+00 1.211156459669382684e+03 2.279572451622234155e+02 1.043281738245382728e+00 1.211156459669382684e+03
1.000000000000000000e+00 -9.999999999999999673e+98 2.914421827043989879e+02 8.021732373659270499e-01 1.213474263345752433e+03 9.750343655320511971e+01 3.345549901130815962e-01 1.213474263345752433e+03
1.000000000000000000e+00 -9.999999999999999673e+98 2.787110648556563319e+02 2.924942654699538735e+00 1.216121512050349111e+03 4.724780541094419561e+01 1.695225320007072434e-01 1.216121512050349111e+03
1.000000000000000000e+00 -9.999999999999999673e+98 1.601011401287739773e+02 2.620622399885589537e+00 1.217717149271409198e+03 4.929632862956822947e+01 3.079074177105657339e-01 1.217717149271409198e+03
1.000000000000000000e+00 -9.999999999999999673e+98 2.181513748400980148e+02 1.397949997623190166e+00 1.212268640325454498e+03 9.468807930765548520e+01 4.340475936815000879e-01 1.212268640325454498e+03
1.000000000000000000e+00 -9.999999999999999673e+98 1.118089168372391526e+02 2.827782863636661759e+00 1.219138968612579447e+03 3.170937132699343692e+02 2.836032422454547230e+00 1.219138968612579447e+03
1.000000000000000000e+00 -9.999999999999999673e+98 1.319263783705209789e+02 8.224584573573928692e-01 1.210327366932485120e+03 1.841023340483061475e+02 1.395492973598098319e+00 1.210327366932485120e+03
1.000000000000000000e+00 -9.999999999999999673e+98 2.423275754703822429e+02 1.957298582387596020e-01 1.214501054887635291e+03 1.636637738699455156e+02 6.753823767363562602e-01 1.214501054887635291e+03
1.000000000000000000e+00 -9.999999999999999673e+98 1.628151944782580358e+02 9.115635435592146507e-01 1.214756892499348169e+03 2.169925357485456061e+02 1.332753594920296436e+00 1.214756892499348396e+03
1.000000000000000000e+00 -9.999999999999999673e+98 1.754768883823667238e+02 2.728989494299239871e-01 1.218355161913644679e+03 3.265418420979382574e+01 1.860882336746242927e-01 1.218355161913644679e+03
1.000000000000000000e+00 -9.999999999999999673e+98 2.269430576151034984e+02 1.577134827378216531e-01 1.214235801067832426e+03 1.989428145675344979e+02 8.766199621093607730e-01 1.214235801067832426e+03
1.000000000000000000e+00 -9.999999999999999673e+98 2.425455598090914293e+02 6.788619988938223715e-01 1.215733683277564296e+03 5.529006903187867294e+01 2.279574570459987071e-01 1.215733683277564069e+03
1.000000000000000000e+00 -9.999999999999999673e+98 1.811154989175435617e+02 1.546369573052462254e+00 1.211658410444882747e+03 1.021623720777940889e+02 5.640730511103609901e-01 1.211658410444882747e+03
1.000000000000000000e+00 -9.999999999999999673e+98 1.684588740106092928e+02 2.144534063750660913e+00 1.216775187749417228e+03 3.182223117727045860e+02 1.889020769263027422e+00 1.216775187749417228e+03
1.000000000000000000e+00 -9.999999999999999673e+98 1.726333385088901196e+02 2.111693927441362195e+00 1.211381208482328702e+03 8.331919796880167439e+01 4.826367762360743163e-01 1.211381208482328702e+03
1.000000000000000000e+00 -9.999999999999999673e+98 2.327045943796863980e+02 2.491363912853990836e+00 1.218329311093211800e+03 8.543285063100558574e+00 3.671300554195818661e-02 1.218329311093211800e+03
1.000000000000000000e+00 -9.999999999999999673e+98 1.479761985267855664e+02 1.890793042670438462e+00 1.219626725562822912e+03 1.660037751352945179e+02 1.121827542456064197e+00 1.219626725562822912e+03
1.000000000000000000e+00 -9.999999999999999673e+98 1.836336599695861196e+02 2.569381322580520877e+00 1.217765207604003990e+03 4.366327150920849931e+01 2.377737911254403091e-01 1.217765207604003990e+03
1.000000000000000000e+00 -9.999999999999999673e+98 1.659125961033634553e+02 2.365586486349501971e+00 1.215204422580141454e+03 2.026255549771183553e+02 1.221278912728740229e+00 1.215204422580141454e+03
1.000000000000000000e+00 -9.999999999999999673e+98 2.659424711443365368e+02 2.013187228638748660e+00 1.216405445392074398e+03 1.806004597721301934e+02 6.790959676166649084e-01 1.216405445392074398e+03
1.000000000000000000e+00 -9.999999999999999673e+98 2.455712938643040388e+02 1.500063493540928772e-01 1.219346522958789819e+03 6.820061420369651728e+01 2.777222578848417833e-01 1.219346522958789819e+03
1.000000000000000000e+00 -9.999999999999999673e+98 1.286230676262715349e+02 1.579315648901550295e+00 1.213040659554282684e+03 3.617462482206328787e+02 2.812452345420079602e+00 1.213040659554282684e+03
1.000000000000000000e+00 -9.999999999999999673e+98 1.942365179190678646e+02 2.640250962005858959e+00 1.219656379044154619e+03 1.373324220805491791e+02 7.070370883490157965e-01 1.219656379044154619e+03
1.000000000000000000e+00 -9.999999999999999673e+98 1.038487489656178013e+02 1.500066754147269865e+00 1.210846888461438539e+03 6.297023860349803925e+01 6.063649223578629899e-01 1.210846888461438539e+03
1.000000000000000000e+00 -9.999999999999999673e+98 2.108786292089324093e+02 9.760405209447370334e-01 1.217977976155619217e+03 1.510910863629587482e+02 7.164836329302107787e-01 1.217977976155619217e+03
1.000000000000000000e+00 -9.999999999999999673e+98 2.983580534397973452e+02 1.787234347785055855e+00 1.216557358237017070e+03 2.098311808940107426e+01 7.032864656235950085e-02 1.216557358237017070e+03
1.000000000000000000e+00 -9.999999999999999673e+98 2.286316063356215977e+02 2.865425186876216834e+00 1.210380756202928751e+03 7.483716219459077479e+01 3.273264068517848235e-01 1.210380756202928751e+03
1.000000000000000000e+00 -9.999999999999999673e+98 1.631595386470291089e+02 1.535976912199947364e+00 1.218103244710159288e+03 7.485054816818630741e+01 4.587568020164246030e-01 1.218103244710159288e+03
1.000000000000000000e+00 -9.999999999999999673e+98 1.447525947076626949e+02 5.643659943440791915e-01 1.210660233056116795e+03 3.811715747390902465e+01 2.633262467653109118e-01 1.210660233056116795e+03
1.000000000000000000e+00 -9.999999999999999673e+98 2.621124019098862163e+02 2.153780283131602857e+00 1.215156435605821343e+03 3.775027052857332706e+02 1.440232139093967856e+00 1.215156435605821343e+03
1.000000000000000000e+00 -9.999999999999999673e+98 1.387085787643350727e+02 2.824332571360177013e+00 1.216872564339899327e+03 2.130064088644637934e+02 1.535639761880627674e+00 1.216872564339899327e+03
1.000000000000000000e+00 -9.999999999999999673e+98 1.953135483586231373e+02 1.904356227462595808e+00 1.213444005223086151e+03 3.958591471823690426e+02 2.026787954594506669e+00 1.213444005223086151e+03
1.000000000000000000e+00 -9.999999999999999673e+98 2.263140566650193080e+02 5.434406745587109233e-01 1.215933294791023854e+03 9.143484519886060014e+01 4.040175256731784459e-01 1.215933294791023854e+03
1.000000000000000000e+00 -9.999999999999999673e+98 2.921606891654598712e+02 1.693588321062176050e-01 1.210012019069708913e+03 1.857738374605876857e+02 6.358618539381184487e-01 1.210012019069708913e+03
1.000000000000000000e+00 -9.999999999999999673e+98 1.072220474631991465e+02 6.690346544641320170e-01 1.213574041320379365e+03 2.452386798970929149e+01 2.287203851253297171e-01 1.213574041320379365e+03
1.000000000000000000e+00 -9.999999999999999673e+98 1.724017479558392552e+02 9.127390485282003141e-01 1.217560439025847927e+03 3.225599043191125048e+01 1.870978155057547998e-01 1.217560439025847927e+03
1.000000000000000000e+00 -9.999999999999999673e+98 1.706704315542494896e+02 1.879777569973222207e+00 1.210998155646342411e+03 1.541479148431224360e+02 9.031905142521703400e-01 1.210998155646342411e+03
1.000000000000000000e+00 -9.999999999999999673e+98 1.930613339381164337e+02 1.075463639948340822e+00 1.215582411818210858e+03 1.430322408114889186e+02 7.408642522760992000e-01 1.215582411818210858e+03
1.000000000000000000e+00 -9.999999999999999673e+98 1.606582306702114806e+02 1.748561447636027610e+00 1.213085751163651594e+03 1.007459683727699655e+02 6.270825214026822803e-01 1.213085751163651594e+03
1.000000000000000000e+00 -9.999999999999999673e+98 1.179139646455565753e+02 4.224327704334478462e-01 1.210395149208537987e+03 2.847258159266318103e+02 2.414691226628697063e+00 1.210395149208537987e+03
1.000000000000000000e+00 -9.999999999999999673e+98 1.431103933000588597e+02 1.735841676651201926e+00 1.213691438600431638e+03 3.368571421709007723e+02 2.353827240657595521e+00 1.213691438600431638e+03
1.000000000000000000e+00 -9.999999999999999673e+98 1.046502489707576586e+02 1.439809631795167411e+00 1.214610804227012750e+03 1.331311230608688163e+02 1.272152951093977302e+00 1.214610804227012750e+03
1.000000000000000000e+00 -9.999999999999999673e+98 1.153360832243180312e+02 2.741149855426477266e+00 1.211054259911626787e+03 2.799059956734882917e+02 2.426872734433828338e+00 1.211054259911626787e+03
1.000000000000000000e+00 -9.999999999999999673e+98 2.185475317944329845e+02 1.010940997859816504e+00 1.219337258049756656e+03 1.748649999112176374e+02 8.001234261281734428e-01 1.219337258049756656e+03
1.000000000000000000e+00 -9.999999999999999673e+98 1.946836979721769012e+02 1.752044237698527906e+00 1.217020445478545298e+03 1.153109282759625245e+02 5.922988389733695458e-01 1.217020445478545298e+03
1.000000000000000000e+00 -9.999999999999999673e+98 2.167034946143705554e+02 6.385380751142830658e-01 1.216103789773711469e+03 1.221802798233176759e+02 5.638131495790624781e-01 1.216103789773711469e+03
1.000000000000000000e+00 -9.999999999999999673e+98 2.258200700772055711e+02 1.142868648392874720e+00 1.210524792398430236e+03 2.902528228218023401e+02 1.285327839649362813e+00 1.210524792398430236e+03
1.000000000000000000e+00 -9.999999999999999673e+98 2.003182148737224679e+02 2.535476245237465065e+00 1.214215331621329824e+03 2.863300658624656307e+02 1.429376085659328055e+00 1.214215331621329824e+03
1.000000000000000000e+00 -9.999999999999999673e+98 1.114828695755262515e+02 1.098408184549141797e+00 1.212465595183762844e+03 1.946216587565100724e+02 1.745753939574185676e+00 1.212465595183762844e+03
1.000000000000000000e+00 -9.999999999999999673e+98 2.428752990248852939e+02 1.914755405590953474e+00 1.210432356418622703e+03 1.175832054663866586e+02 4.841299462665363262e-01 1.210432356418622703e+03
1.000000000000000000e+00 -9.999999999999999673e+98 1.713202999884038604e+02 2.320957400383842018e+00 1.210837129216963831e+03 3.136435411443416754e+01 1.830743590605265203e-01 1.210837129216963831e+03
1.000000000000000000e+00 -9.999999999999999673e+98 1.893506900352530238e+02 1.241064198700768451e+00 1.212892587885646435e+03 6.106986102673160133e+01 3.225225163708762000e-01 1.212892587885646435e+03
1.000000000000000000e+00 -9.999999999999999673e+98 1.244052894599338401e+02 1.979024858670547005e+00 1.211336911089419800e+03 6.619031196327993882e+01 5.320538399180951838e-01 1.211336911089419800e+03
1.000000000000000000e+00 -9.999999999999999673e+98 1.536290346643871203e+02 2.285629957970604920e-01 1.217702636500546078e+03 2.463429416738531472e+02 1.603492088666740312e+00 1.217702636500546078e+03
1.000000000000000000e+00 -9.999999999999999673e+98 2.001701180673001090e+02 5.060256922955038705e-01 1.219113161579430880e+03 3.347661876593855936e+02 1.672408403869913851e+00 1.219113161579430880e+03
1.000000000000000000e+00 -9.999999999999999673e+98 2.505280497545235505e+02 1.155226086804575170e+00 1.215885968786826652e+03 2.512420300895927312e+02 1.002849901780534125e+00 1.215885968786826652e+03
1.000000000000000000e+00 -9.999999999999999673e+98 1.262486603457566758e+02 1.388662417937351901e+00 1.211941163636995952e+03 2.282251282618342429e+02 1.807742970395052495e+00 1.211941163636995952e+03
1.000000000000000000e+00 -9.999999999999999673e+98 1.870799832305463042e+02 2.340961805263487960e+00 1.215178135116555495e+03 8.633402988360438712e+01 4.614819201539666627e-01 1.215178135116555495e+03
1.000000000000000000e+00 -9.999999999999999673e+98 2.471803468234680849e+02 2.600097621100444734e+00 1.215976853002423923e+03 3.239262767630982580e+02 1.310485566210653374e+00 1.215976853002423923e+03
1.000000000000000000e+00 -9.999999999999999673e+98 2.223079120398847124e+02 1.917142984190883359e+00 1.219028339561254370e+03 2.562313882219183370e+02 1.152596800854966075e+00 1.219028339561254370e+03
1.000000000000000000e+00 -9.999999999999999673e+98 1.702968407101070625e+02 1.600880228382288495e+00 1.212112254904619022e+03 8.238147373185174160e+01 4.837522140066479182e-01 1.212112254904619022e+03
1.000000000000000000e+00 -9.999999999999999673e+98 2.836165482815426344e+02 1.686541302617464155e-01 1.218811878624215751e+03 3.701647178234690045e+02 1.305159096203410085e+00 1.218811878624215751e+03
1.000000000000000000e+00 -9.999999999999999673e+98 2.031351859618311266e+02 3.133451486687728327e-01 1.219367859677071692e+03 3.698983400048879275e+02 1.820946667872652025e+00 1.219367859677071692e+03
1.000000000000000000e+00 -9.999999999999999673e+98 1.154075173731800419e+02 1.774423139929349746e+00 1.216924054374424713e+03 2.555665969147726457e+02 2.214470969758203012e+00 1.216924054374424713e+03
1.000000000000000000e+00 -9.999999999999999673e+98 1.390799401333296998e+02 7.046612577096693641e-01 1.217215468830297141e+03 9.424962025006351496e+01 6.776650907363824805e-01 1.217215468830297141e+03
1.000000000000000000e+00 -9.999999999999999673e+98 1.021492688221353546e+02 2.967322664830738699e+00 1.216908861957991121e+03 9.695945775525336785e+01 9.491938500713245075e-01 1.216908861957991121e+03
1.000000000000000000e+00 -9.999999999999999673e+98 2.281521305324591822e+02 1.215480896960598134e+00 1.213321239930131242e+03 3.287389516636984865e-01 1.440876098314272961e-03 1.213321239930131242e+03
1.000000000000000000e+00 -9.999999999999999673e+98 1.484273411594957111e+02 1.387564530150148800e-01 1.215979359715534429e+03 2.536638108529492968e+02 1.709010003624396479e+00 1.215979359715534429e+03
1.000000000000000000e+00 -9.999999999999999673e+98 2.515928298554219396e+02 2.472971933145253320e+00 1.219194187809265486e+03 1.849724287695760268e+02 7.352054860858737717e-01 1.219194187809265486e+03
1.000000000000000000e+00 -9.999999999999999673e+98 2.309107081296132833e+02 8.654628957580560167e-01 1.211029440281564803e+03 3.289962894483757054e+02 1.424777101561291337e+00 1.211029440281564803e+03
1.000000000000000000e+00 -9.999999999999999673e+98 2.696702394545768016e+02 1.623050737004272825e+00 1.213589209645580013e+03 1.894423187983746857e+02 7.024962012179483128e-01 1.213589209645580013e+03
1.000000000000000000e+00 -9.999999999999999673e+98 2.705282833646967902e+02 1.001819517131101067e+00 1.216918211560493774e+03 3.415381415522815018e+02 1.262485893542809157e+00 1.216918211560493774e+03
1.000000000000000000e+00 -9.999999999999999673e+98 1.599049576273491198e+02 1.019799969275215101e+00 1.213034909997569230e+03 2.661812116297694502e+02 1.664621382472031064e+00 1.213034909997569230e+03
1.000000000000000000e+00 -9.999999999999999673e+98 2.443370551217915079e+02 1.741359588474031828e+00 1.211424613971865483e+03 9.397678390459307707e+01 3.846194506099359089e-01 1.211424613971865483e+03
1.000000000000000000e+00 -9.999999999999999673e+98 1.037476322870030998e+02 2.336226673911048657e+00 1.210636012181916840e+03 3.972173316778696517e+02 3.828688163012957002e+00 1.210636012181916840e+03
1.000000000000000000e+00 -9.999999999999999673e+98 1.197191346472381497e+02 3.470555593992333820e-01 1.211563743961707360e+03 4.118943582938862846e+01 3.440505642707537004e-01 1.211563743961707360e+03
1.000000000000000000e+00 -9.999999999999999673e+98 1.182344384055751618e+02 7.967584384622274918e-01 1.218988001697096706e+03 1.378299746630773370e+01 1.165734590714461172e-01 1.218988001697096706e+03
1.000000000000000000e+00 -9.999999999999999673e+98 2.531286488116315638e+02 1.481809589382254044e+00 1.214467158061718465e+03 1.531347381230419558e+02 6.049680225528277777e-01 1.214467158061718465e+03
1.000000000000000000e+00 -9.999999999999999673e+98 1.981410825607734978e+02 7.534501700863339702e-01 1.214908497342665214e+03 3.685922128238534583e+02 1.860251332334370789e+00 1.214908497342665214e+03
1.000000000000000000e+00 -9.999999999999999673e+98 2.539991930987234241e+02 2.264455030770084143e+00 1.216888227822262706e+03 3.832750789686425463e+01 1.508961797448201692e-01 1.216888227822262706e+03
1.000000000000000000e+00 -9.999999999999999673e+98 2.768006012729387635e+02 1.203316402555330844e-01 1.219905030451120183e+03 1.626562064969102721e+02 5.876295273525197205e-01 1.219905030451120183e+03
1.000000000000000000e+00 -9.999999999999999673e+98 2.382958924570978922e+02 2.655573997012909082e+00 1.218734109386490672e+03 1.814096753087284242e+01 7.612790696398130663e-02 1.218734109386490672e+03
1.000000000000000000e+00 -9.999999999999999673e+98 2.914885956205938555e+02 1.604325871171775331e-01 1.212874817674398173e+03 3.131759199851291697e+01 1.074401965258235669e-01 1.212874817674398173e+03
1.000000000000000000e+00 -9.999999999999999673e+98 1.059388817484536105e+02 8.194588748319457938e-01 1.217285166889637367e+03 2.721211051832711973e+02 2.568661295004120326e+00 1.217285166889637367e+03
1.000000000000000000e+00 -9.999999999999999673e+98 1.425956365114743960e+02 6.296866039712467611e-01 1.214113589444420541e+03 3.163676589632704577e+02 2.218634922519616914e+00 1.214113589444420541e+03
1.000000000000000000e+00 -9.999999999999999673e+98 2.711833559827904878e+02 1.716438301020756452e+00 1.216126774384141527e+03 2.240471039220195451e+02 8.261830933910182528e-01 1.216126774384141527e+03
1.000000000000000000e+00 -9.999999999999999673e+98 1.290094129068170048e+02 9.221358153707608363e-01 1.212580949607730645e+03 8.041296018996702344e+01 6.233107986317942828e-01 1.212580949607730645e+03
1.000000000000000000e+00 -9.999999999999999673e+98 1.900392557484888130e+02 1.256112676193157141e+00 1.218229193957796497e+03 1.935260134762378641e+02 1.018347565685921552e+00 1.218229193957796497e+03
1.000000000000000000e+00 -9.999999999999999673e+98 2.761218690387889865e+02 8.033057724093201069e-01 1.215896672230036529e+03 5.533428809245162228e+01 2.003980643948139462e-01 1.215896672230036529e+03
1.000000000000000000e+00 -9.999999999999999673e+98 1.261420895949773922e+02 2.954184354863182094e+00 1.219689103376370440e+03 2.784505441896420734e+02 2.207435639315183273e+00 1.219689103376370440e+03
1.000000000000000000e+00 -9.999999999999999673e+98 2.474403682161611755e+02 6.510751964935685976e-01 1.213605750982227846e+03 2.525232431880359343e+02 1.020541817846934318e+00 1.213605750982228074e+03
1.000000000000000000e+00 -9.999999999999999673e+98 1.287388530466781731e+02 2.232842266035441336e-01 1.214303395952678102e+03 3.182936595389941203e+02 2.472397819355956816e+00 1.214303395952678102e+03
1.000000000000000000e+00 -9.999999999999999673e+98 2.033943515718195840e+02 2.711957768785214107e+00 1.217704569667711667e+03 4.347804399722470237e+01 2.137622980246449145e-01 1.217704569667711667e+03
1.000000000000000000e+00 -9.999999999999999673e+98 2.325356001645515960e+02 2.506251068811674032e-01 1.219941794342973253e+03 1.770905450792374936e+01 7.615631540027464896e-02 1.219941794342973253e+03
1.000000000000000000e+00 -9.999999999999999673e+98 1.002774295680111294e+02 2.964222890088691553e+00 1.216995376747693626e+03 1.078499212201224964e+02 1.075515414433070083e+00 1.216995376747693626e+03
1.000000000000000000e+00 -9.999999999999999673e+98 1.849750087891017643e+02 2.091888591838570122e+00 1.218929387059107739e+03 2.845282586611204323e+01 1.538198378925467458e-01 1.218929387059107739e+03
1.000000000000000000e+00 -9.999999999999999673e+98 1.636496511001469116e+02 6.946055831311549467e-01 1.217323398843391942e+03 1.166405631080562557e+02 7.127455654438089594e-01 1.217323398843391942e+03
1.000000000000000000e+00 -9.999999999999999673e+98 1.644797480594732804e+02 2.815965940816966384e+00 1.219207900694383852e+03 9.806635534597565140e+01 5.962214588905887513e-01 1.219207900694383852e+03
1.000000000000000000e+00 -9.999999999999999673e+98 1.221574410484228963e+02 2.808798660219637977e-01 1.214805009697080550e+03 1.308877400590483262e+02 1.071467598991082015e+00 1.214805009697080550e+03
1.000000000000000000e+00 -9.999999999999999673e+98 1.001972201489986389e+02 2.697973519504104356e+00 1.218367203707537783e+03 8.368682665480808680e+01 8.352210423638628534e-01 1.218367203707537783e+03
1.000000000000000000e+00 -9.999999999999999673e+98 1.400649982805291813e+02 1.723885809468433727e+00 1.217130083071034051e+03 3.869694664702078626e+02 2.762784930002041506e+00 1.217130083071034051e+03
1.000000000000000000e+00 -9.999999999999999673e+98 1.763893677978470009e+02 2.621276636609010779e+00 1.215126322112799471e+03 3.998620087900057740e+01 2.266928068183066969e-01 1.215126322112799471e+03
1.000000000000000000e+00 -9.999999999999999673e+98 1.966589062008531528e+02 2.137061700736437420e+00 1.212509420909878600e+03 2.517619012352004688e+02 1.280195777037776761e+00 1.212509420909878600e+03
1.000000000000000000e+00 -9.999999999999999673e+98 1.292312958613683804e+02 1.037874470118431480e+00 1.218641901296336755e+03 6.357536407899626596e+01 4.919502172847985966e-01 1.218641901296336755e+03
1.000000000000000000e+00 -9.999999999999999673e+98 1.913360147832952407e+02 9.836017425285981108e-01 1.212076014479916694e+03 3.711045090014960124e+02 1.939543422715291232e+00 1.212076014479916694e+03
1.000000000000000000e+00 -9.999999999999999673e+98 2.439904588561203127e+02 1.165792298306382646e+00 1.212440048024840507e+03 2.725598477056683464e+02 1.117092237882937988e+00 1.212440048024840507e+03
1.000000000000000000e+00 -9.999999999999999673e+98 2.839870566258914550e+02 1.124872953357765715e+00 1.217030411954638112e+03 3.731195426491896114e+02 1.313861086073075057e+00 1.217030411954638112e+03
1.000000000000000000e+00 -9.999999999999999673e+98 1.876513138440760997e+02 2.203375076307090730e+00 1.213281528623431313e+03 2.981265565783202121e+01 1.588726188328425937e-01 1.213281528623431313e+03
1.000000000000000000e+00 -9.999999999999999673e+98 2.988953544004634750e+02 6.254045404845681722e-01 1.219787699277684169e+03 2.163331530591140108e+02 7.237755618284663628e-01 1.219787699277684169e+03
1.000000000000000000e+00 -9.999999999999999673e+98 1.186303948239147985e+02 2.381744695376834198e+00 1.216259686922153151e+03 2.340738174619648078e+02 1.973135281302947019e+00 1.216259686922153151e+03
1.000000000000000000e+00 -9.999999999999999673e+98 2.343343730016241864e+02 2.156505562240790486e+00 1.219322940620719919e+03 7.839188973651403103e+01 3.345300509369604769e-01 1.219322940620719919e+03
1.000000000000000000e+00 -9.999999999999999673e+98 1.932390377246206583e+02 1.842070671506777391e+00 1.210698132012768610e+03 1.471644323925297613e+02 7.615667834273193160e-01 1.210698132012768610e+03
1.000000000000000000e+00 -9.999999999999999673e+98 2.902453553164268669e+02 6.279244697953954013e-01 1.219027655962037215e+03 1.869493984331796810e+02 6.441081485330456546e-01 1.219027655962037215e+03
1.000000000000000000e+00 -9.999999999999999673e+98 2.181547134875988831e+02 2.414569362652879914e+00 1.213226055056545192e+03 1.458589313705689392e+02 6.686031625847055349e-01 1.213226055056545192e+03
1.000000000000000000e+00 -9.999999999999999673e+98 1.771172185220657411e+02 2.551679408921327497e+00 1.219345886377795068e+03 3.616276684187047863e+01 2.041742025062640853e-01 1.219345886377795068e+03
1.000000000000000000e+00 -9.999999999999999673e+98 2.725537149291795913e+02 8.374176009528510045e-01 1.218884382986466790e+03 2.299662474424664538e+02 8.437465161765302923e-01 1.218884382986466790e+03
1.000000000000000000e+00 -9.999999999999999673e+98 2.764177238114652937e+02 2.659141408105285986e+00 1.217982455789211144e+03 1.527607573796578038e+02 5.526445818063767668e-01 1.217982455789211144e+03
1.000000000000000000e+00 -9.999999999999999673e+98 1.016446895707449727e+02 9.712847180613851661e-01 1.215027538113228502e+03 3.399355061792175547e+02 3.344350871794650182e+00 1.215027538113228502e+03
1.000000000000000000e+00 -9.999999999999999673e+98 2.025224126293574045e+02 2.170443714940637925e+00 1.219957279715765935e+03 1.715889988064893146e+02 8.472593061614356325e-01 1.219957279715765935e+03
1.000000000000000000e+00 -9.999999999999999673e+98 2.245524825707544210e+02 1.022656095957541034e+00 1.213781761081254899e+03 3.053584302064097074e+02 1.359853281115224632e+00 1.213781761081254899e+03
1.000000000000000000e+00 -9.999999999999999673e+98 1.235340411657267623e+02 2.670062078805279238e-01 1.211937935405761891e+03 9.482552938313774860e+01 7.676064709639410788e-01 1.211937935405761891e+03
1.000000000000000000e+00 -9.999999999999999673e+98 1.537666876486752017e+02 1.527011554586469533e+00 1.212832306903746712e+03 1.105734911624794705e+02 7.190991290331806285e-01 1.212832306903746712e+03
1.000000000000000000e+00 -9.999999999999999673e+98 2.787694684382763626e+02 6.323343862630295131e-01 1.219635048350530496e+03 8.079353662102350953e+00 2.898220421111588965e-02 1.219635048350530496e+03
1.000000000000000000e+00 -9.999999999999999673e+98 1.720010979965953197e+02 1.642883185622544984e+00 1.218438977539604593e+03 3.765388762862509680e+02 2.189165538313623927e+00 1.218438977539604593e+03
1.000000000000000000e+00 -9.999999999999999673e+98 1.689414425520340046e+02 1.688189531047670666e+00 1.212559612113101821e+03 2.834811987027392206e+02 1.677984953960760306e+00 1.212559612113101821e+03
1.000000000000000000e+00 -9.999999999999999673e+98 2.272783789506634946e+02 2.492540730658349357e+00 1.211601114111428842e+03 1.325963249871181802e+02 5.834093220803090452e-01 1.211601114111428842e+03
1.000000000000000000e+00 -9.999999999999999673e+98 1.792138559383816414e+02 7.143256495047488608e-01 1.213911625443385446e+03 8.409379439403879530e+01 4.692371242932935615e-01 1.213911625443385446e+03
1.000000000000000000e+00 -9.999999999999999673e+98 2.946880692041752354e+02 2.432553405566833860e+00 1.213974163161602974e+03 1.988069528329393449e+02 6.746352282595993177e-01 1.213974163161602974e+03
1.000000000000000000e+00 -9.999999999999999673e+98 2.650699888868949756e+02 2.269008553938299144e+00 1.217639509040727489e+03 3.119704448826284420e+02 1.176936122390474848e+00 1.217639509040727489e+03
1.000000000000000000e+00 -9.999999999999999673e+98 1.680840462337397980e+02 2.095922009394353580e+00 1.215697672550368452e+03 4.164332227132292275e+01 2.477529736130530402e-01 1.215697672550368452e+03
1.000000000000000000e+00 -9.999999999999999673e+98 2.959521852570854321e+02 1.875699389700031583e+00 1.218948178160214411e+03 1.311343181612228364e+02 4.430929207274144632e-01 1.218948178160214411e+03
1.000000000000000000e+00 -9.999999999999999673e+98 1.804271751102056669e+02 1.611755568566878294e+00 1.214459137091689627e+03 3.723195781955184316e+02 2.063544906514798161e+00 1.214459137091689627e+03
1.000000000000000000e+00 -9.999999999999999673e+98 1.508279471305271215e+02 1.487551051447888240e+00 1.219851592854756746e+03 3.078436013503126674e+02 2.041024937400384598e+00 1.219851592854756746e+03
1.000000000000000000e+00 -9.999999999999999673e+98 1.704663579220948009e+02 1.871521871367113565e+00 1.213867291556774944e+03 3.778540866210712466e+02 2.216590365553273489e+00 1.213867291556774944e+03
1.000000000000000000e+00 -9.999999999999999673e+98 2.617225645238714264e+02 1.959277120343654088e+00 1.214882338614750324e+03 3.569566176410347680e+02 1.363874063707170903e+00 1.214882338614750324e+03
1.000000000000000000e+00 -9.999999999999999673e+98 2.784954404084523958e+02 1.090953458538482135e+00 1.217694632886995350e+03 3.767396792669262027e+02 1.352767853988506630e+00 1.217694632886995350e+03
1.000000000000000000e+00 -9.999999999999999673e+98 2.888157569147685990e+02 1.806089362016641831e+00 1.217748473114497983e+03 2.506705399309596771e+02 8.679254297227770865e-01 1.217748473114497983e+03
1.000000000000000000e+00 -9.999999999999999673e+98 1.572537046160795171e+02 2.907263404263483952e+00 1.219300418539514339e+03 2.535663864342466525e+02 1.612466854458568744e+00 1.219300418539514339e+03
1.000000000000000000e+00 -9.999999999999999673e+98 2.709385153980935002e+02 1.565638380494880133e+00 1.217766493186310981e+03 2.067836377781861188e+02 7.632124117693500631e-01 1.217766493186310981e+03
1.000000000000000000e+00 -9.999999999999999673e+98 1.747116520623896463e+02 2.666651972084677968e+00 1.214041441601146516e+03 1.426332469890166692e+02 8.163922972812497347e-01 1.214041441601146516e+03
1.000000000000000000e+00 -9.999999999999999673e+98 1.690220040224622267e+02 2.850988160139769967e+00 1.218098377521090697e+03 2.470429487130778057e+02 1.461602293392799679e+00 1.218098377521090697e+03
1.000000000000000000e+00 -9.999999999999999673e+98 1.955474594903906791e+02 6.688157093135607134e-01 1.218938786372612640e+03 1.100166426187998425e+01 5.626083964757728345e-02 1.218938786372612640e+03
1.000000000000000000e+00 -9.999999999999999673e+98 1.649043987485044909e+02 2.915979183045350753e-01 1.216255687816671070e+03 6.649911617476354309e+01 4.032585951584061190e-01 1.216255687816671070e+03
1.000000000000000000e+00 -9.999999999999999673e+98 1.878175798827618905e+02 1.735571333600200106e+00 1.214508094082656044e+03 2.637704805003544379e+02 1.404397185103776202e+00 1.214508094082656044e+03
1.000000000000000000e+00 -9.999999999999999673e+98 1.111950975183720800e+02 7.279829571310114655e-01 1.215741512963525338e+03 3.750484253975929505e+02 3.372886339126830890e+00 1.215741512963525338e+03
1.000000000000000000e+00 -9.999999999999999673e+98 2.591808323737676574e+02 8.255122464799795612e-01 1.213014373531835417e+03 1.196387487392479727e+02 4.616033818685926771e-01 1.213014373531835417e+03
1.000000000000000000e+00 -9.999999999999999673e+98 1.737986745980131786e+02 2.636045711319806362e+00 1.218681861445879576e+03 2.146983125264403895e+02 1.235327674523559072e+00 1.218681861445879576e+03
1.000000000000000000e+00 -9.999999999999999673e+98 1.853467699666579733e+02 8.923009647618200813e-01 1.219688859834137475e+03 2.133567181208827606e+02 1.151121857474308730e+00 1.219688859834137475e+03
1.000000000000000000e+00 -9.999999999999999673e+98 1.026206531686558492e+02 7.828330249566120003e-01 1.218339277985147646e+03 2.516485005719752905e+02 2.452220803529616244e+00 1.218339277985147646e+03
1.000000000000000000e+00 -9.999999999999999673e+98 1.285286353220596141e+02 1.084952679055209979e+00 1.218568616793289721e+03 8.152363442585341957e+00 6.342838249357912739e-02 1.218568616793289721e+03
1.000000000000000000e+00 -9.999999999999999673e+98 1.781929434332610924e+02 1.975182883476153561e+00 1.214155473180210265e+03 1.312287698607718198e+02 7.364420124185285799e-01 1.214155473180210265e+03
1.000000000000000000e+00 -9.999999999999999673e+98 2.699100438698608286e+02 9.363532667891436567e-01 1.214829595459201300e+03 1.218217442154631271e+02 4.513420192477179405e-01 1.214829595459201300e+03
1.000000000000000000e+00 -9.999999999999999673e+98 1.040306448977383269e+02 1.334697986873987774e-01 1.215185880419482601e+03 9.833463459933611261e+01 9.452468039201201710e-01 1.215185880419482601e+03
1.000000000000000000e+00 -9.999999999999999673e+98 1.068818410378933947e+02 1.517927716133823157e+00 1.213309866636303468e+03 3.025283880486596786e+02 2.830493796803169371e+00 1.213309866636303468e+03
1.000000000000000000e+00 -9.999999999999999673e+98 2.685905933619860662e+02 1.674929047259536175e+00 1.216493819190995964e+03 2.147298204932754402e+02 7.994688786583037388e-01 1.216493819190995964e+03
1.000000000000000000e+00 -9.999999999999999673e+98 1.127572980076852787e+02 1.984090334470896222e+00 1.211886452745134875e+03 2.061375894837449323e+02 1.828152972144606370e+00 1.211886452745134875e+03
1.000000000000000000e+00 -9.999999999999999673e+98 2.634846094592177792e+02 2.890368687794896196e+00 1.218805730287425831e+03 3.831649630143051013e+02 1.454221420373365214e+00 1.218805730287425831e+03
1.000000000000000000e+00 -9.999999999999999673e+98 2.423517297086525843e+02 1.425798527692046236e-01 1.213323559259620197e+03 2.437558651793167428e+02 1.005793791826252503e+00 1.213323559259620197e+03
1.000000000000000000e+00 -9.999999999999999673e+98 1.933266942588930988e+02 1.541773129042349311e+00 1.215492471674252783e+03 9.307001874174183342e+01 4.814131804121539737e-01 1.215492471674252783e+03
1.000000000000000000e+00 -9.999999999999999673e+98 1.836380096867072496e+02 1.312802221891110177e+00 1.219054539388044986e+03 1.381152726531338359e+01 7.521061292744526949e-02 1.219054539388044986e+03
1.000000000000000000e+00 -9.999999999999999673e+98 1.137637878978741384e+02 1.254764312646093671e+00 1.211961792879228369e+03 3.072992527351580065e+02 2.701204472999974460e+00 1.211961792879228369e+03
1.000000000000000000e+00 -9.999999999999999673e+98 1.039151904231926551e+02 1.924789970298029340e+00 1.212795754304558386e+03 2.755779071802670899e+01 2.651950172616546753e-01 1.212795754304558386e+03
1.000000000000000000e+00 -9.999999999999999673e+98 1.186143689418109943e+02 1.625629773549220003e+00 1.211271990774933556e+03 1.322719886169397228e+02 1.115143045458757198e+00 1.211271990774933556e+03
1.000000000000000000e+00 -9.999999999999999673e+98 2.539178969439706179e+02 2.115581030772896387e+00 1.213419265708707599e+03 2.141097662968885516e+02 8.432243999883706209e-01 1.213419265708707599e+03
1.000000000000000000e+00 -9.999999999999999673e+98 1.116562959620201383e+02 1.081128057489094463e+00 1.217026052331103983e+03 7.517995371723920073e+01 6.733158490481507830e-01 1.217026052331103983e+03
1.000000000000000000e+00 -9.999999999999999673e+98 1.642239850881108509e+02 2.625992930835030936e+00 1.216474892030707451e+03 3.119966824782982826e+02 1.899824086663730371e+00 1.216474892030707451e+03
1.000000000000000000e+00 -9.999999999999999673e+98 2.822604390975055821e+02 8.809099535736157893e-01 1.219632762890053527e+03 2.736993496417285883e+02 9.696695382351487869e-01 1.219632762890053527e+03
1.000000000000000000e+00 -9.999999999999999673e+98 2.158781469955632133e+02 2.321023972191844198e+00 1.213009165992589942e+03 1.634440356986968652e+02 7.571124635512830325e-01 1.213009165992589942e+03
1.000000000000000000e+00 -9.999999999999999673e+98 1.083652779325594366e+02 1.264316967561172511e+00 1.215155187710196287e+03 3.348446739092560733e+02 3.089962765726904870e+00 1.215155187710196287e+03
1.000000000000000000e+00 -9.999999999999999673e+98 2.312686576154613931e+02 1.311429650595664409e+00 1.216392191611294493e+03 1.766922937775871389e+02 7.640131421153474323e-01 1.216392191611294493e+03
1.000000000000000000e+00 -9.999999999999999673e+98 1.781113820804957015e+02 1.949397765885596767e+00 1.216946969509268683e+03 3.609879683947993385e+02 2.026754069156873506e+00 1.216946969509268683e+03
1.000000000000000000e+00 -9.999999999999999673e+98 2.501501647295760620e+02 1.440898057061433812e+00 1.217981977577511088e+03 1.751506058960989378e+02 7.001818531098904508e-01 1.217981977577511088e+03
1.000000000000000000e+00 -9.999999999999999673e+98 2.034069346618659324e+02 1.404801984396847780e+00 1.218308435213708435e+03 2.171344082530403909e+02 1.067487736413679222e+00 1.218308435213708435e+03
1.000000000000000000e+00 -9.999999999999999673e+98 1.360924604460723799e+02 2.107030265502766397e+00 1.214983055168441297e+03 1.389597176923897450e+02 1.021068450352938806e+00 1.214983055168441297e+03
1.000000000000000000e+00 -9.999999999999999673e+98 2.835425800977977815e+02 1.459692488004043387e+00 1.219535027800984835e+03 2.473410009971133547e+02 8.723240118355486405e-01 1.219535027800984835e+03
1.000000000000000000e+00 -9.999999999999999673e+98 1.000536349834934242e+02 9.846937178088743803e-01 1.215076933852016964e+03 3.156050506416137864e+02 3.154358666665947997e+00 1.215076933852016964e+03
1.000000000000000000e+00 -9.999999999999999673e+98 1.701587334029654812e+02 1.895043678068200288e+00 1.212063931814874422e+03 3.573319672011520538e+02 2.099991931386370858e+00 1.212063931814874422e+03
1.000000000000000000e+00 -9.999999999999999673e+98 1.418244163002151481e+02 2.474737444810893305e-01 1.215882132699293606e+03 8.524820548460398584e+01 6.010827169854155994e-01 1.215882132699293606e+03
1.000000000000000000e+00 -9.999999999999999673e+98 1.372182631355997273e+02 2.029501173763718080e-01 1.218263744289664601e+03 2.709256358934436548e+02 1.974413825845570347e+00 1.218263744289664601e+03
1.000000000000000000e+00 -9.999999999999999673e+98 1.726834776794724462e+02 7.922291761144030220e-01 1.216723940820350890e+03 2.022739096880939371e+02 1.171356474899966749e+00 1.216723940820350890e+03
1.000000000000000000e+00 -9.999999999999999673e+98 1.327711826332669034e+02 6.657543904186722372e-01 1.216023376215469625e+03 1.046824214267996211e+01 7.884423362857850837e-02 1.216023376215469625e+03
1.000000000000000000e+00 -9.999999999999999673e+98 2.096608222101137358e+02 2.382909179315758852e+00 1.219690436915446753e+03 1.022547245105470921e+02 4.877149838135780846e-01 1.219690436915446753e+03
1.000000000000000000e+00 -9.999999999999999673e+98 2.528654126823041963e+02 1.020747393437896777e+00 1.218927211899466556e+03 2.774332324621254315e+02 1.097157691592593576e+00 1.218927211899466556e+03
1.000000000000000000e+00 -9.999999999999999673e+98 2.786278616676592605e+02 1.763049426694622834e+00 1.216576841062902076e+03 3.282991503763107630e+02 1.178271076020022123e+00 1.216576841062902076e+03
1.000000000000000000e+00 -9.999999999999999673e+98 1.003206063281497649e+02 2.914057253637581280e+00 1.215010703285090358e+03 1.915402910941114385e+02 1.909281633202864814e+00 1.215010703285090358e+03
1.000000000000000000e+00 -9.999999999999999673e+98 2.953305081358826101e+02 2.231348011416486532e+00 1.217582167925507065e+03 1.597477574660526898e+02 5.409118024222278054e-01 1.217582167925507065e+03
1.000000000000000000e+00 -9.999999999999999673e+98 2.637988993313183528e+02 1.048192589088885462e-01 1.219757932607913290e+03 2.839194800298504333e+02 1.076272420959807130e+00 1.219757932607913290e+03
1.000000000000000000e+00 -9.999999999999999673e+98 2.240621162080426529e+02 1.245126496171230057e+00 1.213669160589886360e+03 2.413677632461721885e+02 1.077235934976447096e+00 1.213669160589886360e+03
1.000000000000000000e+00 -9.999999999999999673e+98 1.824111670854903764e+02 1.970615309981370578e+00 1.211344032987950413e+03 1.490542045018317481e+02 8.171331113296080861e-01 1.211344032987950413e+03
1.000000000000000000e+00 -9.999999999999999673e+98 2.046922577393143001e+02 6.792808279950972583e-01 1.213236106312046786e+03 3.921400935950643429e+02 1.915754400903985966e+00 1.213236106312046786e+03
1.000000000000000000e+00 -9.999999999999999673e+98 2.193206361661796677e+02 4.363722484604365404e-01 1.211641883893002614e+03 8.926127264734384781e+00 4.069898492347542168e-02 1.211641883893002614e+03
1.000000000000000000e+00 -9.999999999999999673e+98 2.868008295720403567e+02 1.170272880387920988e+00 1.214171007440910216e+03 3.504893511080429107e+02 1.222065332345926514e+00 1.214171007440910216e+03
1.000000000000000000e+00 -9.999999999999999673e+98 1.503816475490341986e+02 2.049019324305158207e+00 1.213774772141922313e+03 3.914120817857697148e+02 2.602791551795866187e+00 1.213774772141922313e+03
1.000000000000000000e+00 -9.999999999999999673e+98 2.460237100869133826e+02 2.715327475569788263e+00 1.210124351048027165e+03 2.180409697361473604e+02 8.862599855075736777e-01 1.210124351048027165e+03
1.000000000000000000e+00 -9.999999999999999673e+98 2.169482045282614422e+02 2.648047147513456601e+00 1.213660696832652548e+03 5.284748423683365104e+01 2.435949371037514355e-01 1.213660696832652548e+03
1.000000000000000000e+00 -9.999999999999999673e+98 2.200821074872907275e+02 7.757450671761971783e-01 1.216761534641015714e+03 3.634749381253081992e+02 1.651542427847289218e+00 1.216761534641015714e+03
1.000000000000000000e+00 -9.999999999999999673e+98 1.946292254042340346e+02 1.103043058985005320e+00 1.218492257493900297e+03 2.787289263138746946e+02 1.432102119992361144e+00 1.218492257493900297e+03
1.000000000000000000e+00 -9.999999999999999673e+98 2.821157930511393488e+02 2.750030548091327187e+00 1.211170605361106254e+03 1.007199231614563075e+02 3.570162523414587286e-01 1.211170605361106254e+03
1.000000000000000000e+00 -9.999999999999999673e+98 2.432849499992655637e+02 5.440993984013140494e-01 1.212021249535371908e+03 3.300279638024466067e+01 1.356549033565137841e-01 1.212021249535371908e+03
1.000000000000000000e+00 -9.999999999999999673e+98 2.453696586452431063e+02 2.470207009565633438e+00 1.215289411221541741e+03 1.377043246267476206e+02 5.612117055835389445e-01 1.215289411221541741e+03
1.000000000000000000e+00 -9.999999999999999673e+98 2.729356907303711068e+02 2.634683036661539801e-01 1.210021156239057518e+03 1.521739586093969194e+02 5.575451059631743034e-01 1.210021156239057518e+03
1.000000000000000000e+00 -9.999999999999999673e+98 1.644213505231610952e+02 2.645748585911073203e+00 1.213649902661803253e+03 2.653886987621184517e+02 1.614076869686912552e+00 1.213649902661803253e+03
1.000000000000000000e+00 -9.999999999999999673e+98 2.921315945287012710e+02 1.376833538258716905e+00 1.212236827594836086e+03 2.223904829138225239e+02 7.612681650288707358e-01 1.212236827594836086e+03
1.000000000000000000e+00 -9.999999999999999673e+98 2.274848863236333045e+02 1.652849893029044059e+00 1.212675990030884350e+03 1.384038109163404897e+02 6.084088185069100874e-01 1.212675990030884350e+03
1.000000000000000000e+00 -9.999999999999999673e+98 1.759689547838399335e+02 1.993457911522730885e+00 1.213446934283330393e+03 4.528342992027716463e+01 2.573376080792392218e-01 1.213446934283330393e+03
1.000000000000000000e+00 -9.999999999999999673e+98 1.027547515730867360e+02 1.853250211252260859e+00 1.210860263000979558e+03 2.307311758871946381e+02 2.245455050544126419e+00 1.210860263000979785e+03
1.000000000000000000e+00 -9.999999999999999673e+98 2.362697399272714165e+02 1.501212397168443458e+00 1.218891598075663978e+03 2.317028026320893161e+02 9.806706635534965244e-01 1.218891598075663978e+03
1.000000000000000000e+00 -9.999999999999999673e+98 2.461047127116315494e+02 9.949279223503504355e-01 1.219489560647766211e+03 2.519810347461803985e+02 1.023877324289333313e+00 1.219489560647766211e+03
1.000000000000000000e+00 -9.999999999999999673e+98 2.016368140236995146e+02 1.484457478799392716e+00 1.215302622714820473e+03 3.004281456810396094e+02 1.489946898514914020e+00 1.215302622714820473e+03
1.000000000000000000e+00 -9.999999999999999673e+98 2.588924436725664009e+02 2.372000687786543605e+00 1.215553089463380275e+03 3.688929335421864408e+01 1.424888761947578908e-01 1.215553089463380275e+03
1.000000000000000000e+00 -9.999999999999999673e+98 2.486317099892930571e+02 7.365341571913793794e-01 1.212792724825798587e+03 3.698351730660576777e+02 1.487481918867002317e+00 1.212792724825798587e+03
1.000000000000000000e+00 -9.999999999999999673e+98 1.574635364936857798e+02 1.589580612160898410e+00 1.216945546966998108e+03 2.005872658023529027e+02 1.273864859566369301e+00 1.216945546966998108e+03
1.000000000000000000e+00 -9.999999999999999673e+98 1.571879762504935059e+02 1.127149420091389853e+00 1.210797383698097974e+03 2.953534064904574734e+02 1.878982181307459864e+00 1.210797383698097974e+03
1.000000000000000000e+00 -9.999999999999999673e+98 1.400054443921441134e+02 6.444367924723503060e-01 1.218689440688173590e+03 1.431348502926855417e+02 1.022352030052318561e+00 1.218689440688173590e+03
1.000000000000000000e+00 -9.999999999999999673e+98 2.725482959680656450e+02 2.412502627340047834e+00 1.215829084298515227e+03 3.267427414703865907e+02 1.198843457486415076e+00 1.215829084298515227e+03
1.000000000000000000e+00 -9.999999999999999673e+98 1.700171511300273437e+02 5.594866829774062245e-01 1.219790591936921373e+03 2.948432880024793690e+01 1.734197320933734965e-01 1.219790591936921373e+03
1.000000000000000000e+00 -9.999999999999999673e+98 1.856683702566369618e+02 2.929769698112814513e+00 1.211739752940286962e+03 2.559096082826016527e+02 1.378315584549349548e+00 1.211739752940286962e+03
1.000000000000000000e+00 -9.999999999999999673e+98 2.926368009936836643e+02 1.996234974060446810e+00 1.219790741154604348e+03 2.752366238463275749e+02 9.405400240561962999e-01 1.219790741154604348e+03
1.000000000000000000e+00 -9.999999999999999673e+98 1.812692053378925152e+02 2.534148825620766932e+00 1.215193740867026918e+03 9.707318831823963379e+00 5.355194675085137024e-02 1.215193740867026918e+03
1.000000000000000000e+00 -9.999999999999999673e+98 1.605376887720515242e+02 2.350601879283456874e+00 1.215188828781392658e+03 3.095364078895399302e+02 1.928122986304185771e+00 1.215188828781392658e+03
1.000000000000000000e+00 -9.999999999999999673e+98 2.059414144626223901e+02 9.198934618169759547e-01 1.219316372146987533e+03 3.387214784302952353e+02 1.644746780603334901e+00 1.219316372146987533e+03
1.000000000000000000e+00 -9.999999999999999673e+98 1.575172884383449059e+02 2.359998142142504474e+00 1.214110197697113335e+03 3.900161396314361468e+02 2.476021162490334770e+00 1.214110197697113335e+03
1.000000000000000000e+00 -9.999999999999999673e+98 2.791647300961735709e+02 1.470280868142648689e+00 1.218199979147424528e+03 9.371993800998464508e+01 3.357155396303024286e-01 1.218199979147424528e+03
1.000000000000000000e+00 -9.999999999999999673e+98 2.923338168342024801e+02 1.602008513639047615e+00 1.218136349815668382e+03 2.875553212273508166e+02 9.836539759286152540e-01 1.218136349815668382e+03
1.000000000000000000e+00 -9.999999999999999673e+98 2.025351047262411726e+02 5.293435456450495957e-01 1.217818297481022910e+03 2.109354246759698128e+02 1.041475871361080996e+00 1.217818297481022910e+03
1.000000000000000000e+00 -9.999999999999999673e+98 2.335711399416339589e+02 7.228374645092732198e-01 1.215976148515954264e+03 2.028789361395940887e+02 8.685959069698876434e-01 1.215976148515954264e+03
1.000000000000000000e+00 -9.999999999999999673e+98 1.040508253147056621e+02 6.006582920627357991e-01 1.214926471406627797e+03 1.253066658591395139e+02 1.204283247923740641e+00 1.214926471406627797e+03
1.000000000000000000e+00 -9.999999999999999673e+98 1.440086385844083452e+02 1.445304375034729416e+00 1.210265281268060335e+03 3.947669028015629920e+02 2.741272375616388590e+00 1.210265281268060335e+03
1.000000000000000000e+00 -9.999999999999999673e+98 2.969729491895150204e+02 7.333120841372061660e-01 1.215476766742470772e+03 3.236018745298302406e+02 1.089667848243382586e+00 1.215476766742470772e+03
1.000000000000000000e+00 -9.999999999999999673e+98 2.340602174626178282e+02 7.693049175477401080e-01 1.217915383995072261e+03 1.883796178021540015e+02 8.048339860755724384e-01 1.217915383995072261e+03
1.000000000000000000e+00 -9.999999999999999673e+98 2.523725984622570024e+02 1.119161576575773420e+00 1.215980045157865788e+03 3.652345798157920171e+02 1.447203785360294592e+00 1.215980045157865788e+03
1.000000000000000000e+00 -9.999999999999999673e+98 2.044511442172974398e+02 2.407785618987123399e+00 1.213769219781898528e+03 2.268974471447068026e+02 1.109788101276423689e+00 1.213769219781898528e+03
1.000000000000000000e+00 -9.999999999999999673e+98 2.357622190358790704e+02 5.108509289947860132e-01 1.210094763372141642e+03 4.985188325031586487e+00 2.114498389698700812e-02 1.210094763372141642e+03
1.000000000000000000e+00 -9.999999999999999673e+98 1.322627113123832316e+02 8.695193162657096630e-01 1.210040454605165678e+03 2.730192991847575357e+01 2.064219737186015480e-01 1.210040454605165451e+03
1.000000000000000000e+00 -9.999999999999999673e+98 1.961866224243493662e+02 2.852888527897206483e+00 1.211258780547942251e+03 3.581380620940528843e+02 1.825496854313565009e+00 1.211258780547942251e+03
1.000000000000000000e+00 -9.999999999999999673e+98 1.705204144668886101e+02 1.450370880332211732e+00 1.214160267968395601e+03 2.272175143894757809e+02 1.332494499851198277e+00 1.214160267968395601e+03
1.000000000000000000e+00 -9.999999999999999673e+98 1.519664779618476587e+02 5.395736233973960072e-01 1.219164844542177661e+03 3.764998024510989580e+02 2.477518775855436228e+00 1.219164844542177661e+03
1.000000000000000000e+00 -9.999999999999999673e+98 2.063413543016175993e+02 2.511748868609261276e+00 1.210592470677976053e+03 3.321798430428547135e+02 1.609855882584224185e+00 1.210592470677976053e+03
1.000000000000000000e+00 -9.999999999999999673e+98 1.604919842723189731e+02 1.206466647487564936e+00 1.216217856123887941e+03 1.756822147809194803e+02 1.094647907666379760e+00 1.216217856123887941e+03
1.000000000000000000e+00 -9.999999999999999673e+98 2.187137433951873220e+02 2.038808850100961578e+00 1.216096068449637187e+03 1.038562153132267554e+02 4.748499737648953500e-01 1.216096068449637187e+03
1.000000000000000000e+00 -9.999999999999999673e+98 1.967266132470316506e+02 1.288254897908389207e+00 1.217257329832763844e+03 2.734097230785915258e+02 1.389795303064909060e+00 1.217257329832763844e+03
1.000000000000000000e+00 -9.999999999999999673e+98 1.521056117554222737e+02 2.106924870263414462e+00 1.219321091550433039e+03 3.219787937200465535e+02 2.116810747507273494e+00 1.219321091550433039e+03
1.000000000000000000e+00 -9.999999999999999673e+98 1.665945318395023946e+02 2.283408124297919173e+00 1.213863632532547172e+03 1.627224192681644297e+02 9.767572649079000469e-01 1.213863632532547172e+03
1.000000000000000000e+00 -9.999999999999999673e+98 2.464064372225066677e+02 2.578709630207514980e+00 1.216782044128486632e+03 3.661398355000686138e+02 1.485918304842993587e+00 1.216782044128486632e+03
1.000000000000000000e+00 -9.999999999999999673e+98 1.720226809067891622e+02 1.972894760474119602e+00 1.212790889749955113e+03 3.064319060492925360e+02 1.781345950626901820e+00 1.212790889749955113e+03
1.000000000000000000e+00 -9.999999999999999673e+98 2.653846419039917350e+02 2.734342959636248516e+00 1.217244637937657672e+03 9.554555170316878332e+01 3.600266805858883257e-01 1.217244637937657672e+03
1.000000000000000000e+00 -9.999999999999999673e+98 2.762647056769808387e+02 2.887965837522231016e+00 1.218707498869019901e+03 2.072260790238964603e+02 7.500997223517688051e-01 1.218707498869019901e+03
1.000000000000000000e+00 -9.999999999999999673e+98 2.427113366105086243e+02 1.227190995099036064e+00 1.215799604177597757e+03 3.878706068914241882e+02 1.598073713029153353e+00 1.215799604177597757e+03
1.000000000000000000e+00 -9.999999999999999673e+98 1.377581475771515045e+02 2.463111405250089536e+00 1.219831028895097006e+03 1.232222799509683497e+01 8.944827011553539708e-02 1.219831028895097006e+03
1.000000000000000000e+00 -9.999999999999999673e+98 1.180195926315429773e+02 1.757658458976223637e+00 1.217350762381409368e+03 3.478911377093111810e+02 2.947740539957860229e+00 1.217350762381409368e+03
1.000000000000000000e+00 -9.999999999999999673e+98 1.255057813696795961e+02 1.937711682282092118e+00 1.219613232296323531e+03 3.291558809605711531e+02 2.622635207465354945e+00 1.219613232296323531e+03
1.000000000000000000e+00 -9.999999999999999673e+98 2.327544656772346912e+02 1.745033416848490226e+00 1.217566915719517283e+03 2.822795247445475866e+02 1.212778126182078475e+00 1.217566915719517283e+03
1.000000000000000000e+00 -9.999999999999999673e+98 2.645945107560404495e+02 1.008501702616780626e+00 1.217569576800297227e+03 1.164898583759467385e+02 4.402580312157416409e-01 1.217569576800297227e+03
1.000000000000000000e+00 -9.999999999999999673e+98 2.265132299951308426e+02 1.674064286794337164e+00 1.214122172715481611e+03 8.655969960954416820e+01 3.821397081813052155e-01 1.214122172715481611e+03
1.000000000000000000e+00 -9.999999999999999673e+98 1.162715811272422997e+02 1.143931828672618556e+00 1.211783565783781341e+03 1.324585563767910514e+02 1.139216953038889812e+00 1.211783565783781341e+03
1.000000000000000000e+00 -9.999999999999999673e+98 2.367891908281271185e+02 1.221137611505367593e+00 1.217721223811041909e+03 1.342776197598980161e+02 5.670766443784298616e-01 1.217721223811041909e+03
1.000000000000000000e+00 -9.999999999999999673e+98 1.629516229552938853e+02 1.343887689285391707e+00 1.216901632801428150e+03 3.668616418881968571e+02 2.251353102440999177e+00 1.216901632801428150e+03
1.000000000000000000e+00 -9.999999999999999673e+98 1.622486378263173492e+02 2.160755422356539501e+00 1.217197121510304441e+03 3.931452897031526277e+02 2.423103792858980476e+00 1.217197121510304441e+03
1.000000000000000000e+00 -9.999999999999999673e+98 2.480424150133237902e+02 1.468664160861276047e+00 1.210061547658400286e+03 3.544226900090800427e+02 1.428879371256089215e+00 1.210061547658400286e+03
1.000000000000000000e+00 -9.999999999999999673e+98 2.407040887642955340e+02 2.423915855449521484e+00 1.215470499607796000e+03 8.854953061366384759e+01 3.678771352337688594e-01 1.215470499607796000e+03
1.000000000000000000e+00 -9.999999999999999673e+98 2.938075508860616765e+02 2.351382844740831590e+00 1.218630030243054307e+03 2.438969048307018568e+02 8.301246992977552308e-01 1.218630030243054307e+03
1.000000000000000000e+00 -9.999999999999999673e+98 1.601368042797240605e+02 2.136052434499892683e-01 1.210710482224748603e+03 2.453942674584883434e+02 1.532403925270283906e+00 1.210710482224748603e+03
1.000000000000000000e+00 -9.999999999999999673e+98 1.667961669869458774e+02 1.898353152740149596e+00 1.218827528057968721e+03 1.319061906117107128e+02 7.908226729336904626e-01 1.218827528057968721e+03
1.000000000000000000e+00 -9.999999999999999673e+98 2.744285786312933624e+02 1.990082716177710376e+00 1.213719215085789301e+03 3.854479508418930322e+02 1.404547415448880843e+00 1.213719215085789301e+03
1.000000000000000000e+00 -9.999999999999999673e+98 2.441402383673256509e+02 1.804506091822157265e-01 1.213588782116932862e+03 1.104817765020774942e+02 4.525340732069332850e-01 1.213588782116932862e+03
1.000000000000000000e+00 -9.999999999999999673e+98 2.497731797956642765e+02 2.727496028568043851e-01 1.214077103634957211e+03 6.300259390153284400e+00 2.522392274185496219e-02 1.214077103634957211e+03
1.000000000000000000e+00 -9.999999999999999673e+98 2.961977472079506697e+02 2.574874854628814713e+00 1.217624155090943987e+03 3.671987845904560572e+02 1.239708228883516394e+00 1.217624155090943987e+03
1.000000000000000000e+00 -9.999999999999999673e+98 2.884841911091269822e+02 2.907873138353862519e+00 1.211062574637696571e+03 1.810811110852386605e+02 6.276985591100893158e-01 1.211062574637696571e+03
1.000000000000000000e+00 -9.999999999999999673e+98 1.601466704944762114e+02 2.785204277134863737e+00 1.211410851703421486e+03 2.986118027306844169e+02 1.864614492506631027e+00 1.211410851703421486e+03
1.000000000000000000e+00 -9.999999999999999673e+98 1.694655191908563268e+02 1.483157879538541168e+00 1.212832820226816693e+03 7.495589712121896753e+01 4.423076592755235126e-01 1.212832820226816693e+03
1.000000000000000000e+00 -9.999999999999999673e+98 2.673303142388598985e+02 4.062009856036127298e-01 1.215482133539071356e+03 1.944948914528144002e+01 7.275452168848797752e-02 1.215482133539071356e+03
1.000000000000000000e+00 -9.999999999999999673e+98 2.477850801968512258e+02 2.502064805442178130e+00 1.216675294339256425e+03 3.922286057516566871e+02 1.582938752567560670e+00 1.216675294339256425e+03
1.000000000000000000e+00 -9.999999999999999673e+98 1.511223943221432648e+02 1.148526720967117498e+00 1.213970975516219369e+03 3.085375312606445846e+02 2.041640040475695361e+00 1.213970975516219369e+03
1.000000000000000000e+00 -9.999999999999999673e+98 2.944712655522053524e+02 2.804822835695104377e+00 1.211771178237406957e+03 1.881604035532977832e+02 6.389771280415126320e-01 1.211771178237406957e+03
1.000000000000000000e+00 -9.999999999999999673e+98 2.837051726622975139e+02 2.083543136527058248e+00 1.213783414562229154e+03 8.848930479433833796e+01 3.119058562237415622e-01 1.213783414562229154e+03
1.000000000000000000e+00 -9.999999999999999673e+98 1.601278040234964237e+02 2.601490991343441195e+00 1.211852010454597121e+03 3.907880166280033905e+02 2.440475712579315282e+00 1.211852010454597121e+03
1.000000000000000000e+00 -9.999999999999999673e+98 2.133022316013916679e+02 2.576603432287344120e+00 1.216107406183187322e+03 2.780647953739808713e+02 1.303618782074508209e+00 1.216107406183187322e+03
1.000000000000000000e+00 -9.999999999999999673e+98 2.519768035248791591e+02 1.886809494803940002e+00 1.210314449045306446e+03 1.965659550825389772e+02 7.800954386784688666e-01 1.210314449045306446e+03
1.000000000000000000e+00 -9.999999999999999673e+98 2.673730943307883194e+02 2.768178457912335411e+00 1.213065291397829697e+03 2.490280122972586128e+02 9.313877034656540266e-01 1.213065291397829697e+03
1.000000000000000000e+00 -9.999999999999999673e+98 2.560723073264380218e+02 4.579407318578058161e-01 1.215538234758274939e+03 2.458837041451741925e+02 9.602120069614731301e-01 1.215538234758274939e+03
1.000000000000000000e+00 -9.999999999999999673e+98 2.315572249592051151e+02 2.430453801454640406e+00 1.216782172506533243e+03 3.818881917682722928e+02 1.649217345023684445e+00 1.216782172506533243e+03
1.000000000000000000e+00 -9.999999999999999673e+98 2.151434591191995764e+02 1.848104336773736867e+00 1.218919646139431507e+03 1.945761191049522836e+02 9.044017415242355806e-01 1.218919646139431507e+03
1.000000000000000000e+00 -9.999999999999999673e+98 1.355140136603541237e+02 2.745655873239567502e-01 1.215980533398030502e+03 3.827952941786477936e+02 2.824765379158997725e+00 1.215980533398030502e+03
1.000000000000000000e+00 -9.999999999999999673e+98 2.050080903008400810e+02 2.389719266160171607e+00 1.216398111116214750e+03 7.140262676517576779e+01 3.482917511225808171e-01 1.216398111116214750e+03
1.000000000000000000e+00 -9.999999999999999673e+98 2.211129450844730115e+02 1.826495984446770970e-01 1.216636136218089632e+03 4.592467605939263109e+01 2.076978172483197327e-01 1.216636136218089632e+03
1.000000000000000000e+00 -9.999999999999999673e+98 2.045799480547430846e+02 2.135434785188816242e+00 1.218873919014514058e+03 2.490258789499239640e+02 1.217254580997780389e+00 1.218873919014514058e+03
1.000000000000000000e+00 -9.999999999999999673e+98 1.001047133556155444e+02 6.806908561222088094e-01 1.213976940883748739e+03 2.122935026114511459e+02 2.120714354950422376e+00 1.213976940883748739e+03
1.000000000000000000e+00 -9.999999999999999673e+98 2.732159430711243431e+02 4.651386195569170434e-01 1.212469446918897120e+03 1.740349359653903250e+00 6.369867512456440541e-03 1.212469446918897120e+03
1.000000000000000000e+00 -9.999999999999999673e+98 1.064866522314314068e+02 2.163699095294185692e+00 1.217107487273489369e+03 2.951817024372287506e+02 2.772006596617380580e+00 1.217107487273489369e+03
1.000000000000000000e+00 -9.999999999999999673e+98 1.761947960280305665e+02 1.018949416542846764e+00 1.216447451157002661e+03 3.969113907533573524e+02 2.252685094571200253e+00 1.216447451157002661e+03
1.000000000000000000e+00 -9.999999999999999673e+98 1.110468455156421044e+02 6.147191765032363753e-01 1.216289081955640995e+03 2.443189316658580523e+01 2.200142926450289749e-01 1.216289081955640995e+03
1.000000000000000000e+00 -9.999999999999999673e+98 2.668057380087901720e+02 2.897563475912219744e+00 1.218064776193587932e+03 1.264354869012059623e+02 4.738859360552448718e-01 1.218064776193587932e+03
1.000000000000000000e+00 -9.999999999999999673e+98 1.053484510839305415e+02 1.847888353480278800e+00 1.218713099745239560e+03 9.191188291898635043e+01 8.724559495019119648e-01 1.218713099745239560e+03
1.000000000000000000e+00 -9.999999999999999673e+98 1.252564076622363842e+02 2.649600835676313437e+00 1.210385070647538896e+03 2.362056355148691864e+02 1.885776863023375105e+00 1.210385070647538896e+03
1.000000000000000000e+00 -9.999999999999999673e+98 2.258038159276439956e+02 1.644883209681751390e+00 1.216852959159816692e+03 3.929691316298128072e+02 1.740312182127758289e+00 1.216852959159816692e+03
1.000000000000000000e+00 -9.999999999999999673e+98 2.731669450080556771e+02 7.381374006991979764e-01 1.212475287478604741e+03 3.014942404249301831e+02 1.103699572494172498e+00 1.212475287478604741e+03
1.000000000000000000e+00 -9.999999999999999673e+98 2.577837257490186289e+02 1.210403647387632009e-01 1.218143972404331635e+03 1.132695787800188612e+02 4.393977100412440606e-01 1.218143972404331635e+03
1.000000000000000000e+00 -9.999999999999999673e+98 1.486904352133570058e+02 1.874219041199504998e+00 1.213025130534378604e+03 1.239015939758416209e+02 8.332855694319161177e-01 1.213025130534378604e+03
1.000000000000000000e+00 -9.999999999999999673e+98 1.924283407455552037e+02 2.141426612172213417e+00 1.211577600571934681e+03 8.091974538909876458e+01 4.205188543204121943e-01 1.211577600571934681e+03
1.000000000000000000e+00 -9.999999999999999673e+98 1.215965685748694227e+02 3.246814888792024512e-01 1.216069183887339477e+03 3.488787293182271654e+00 2.869149462087127941e-02 1.216069183887339705e+03
1.000000000000000000e+00 -9.999999999999999673e+98 2.391969052575450689e+02 2.835881078391895294e+00 1.210533806369737931e+03 2.958108401163128676e+00 1.236683391859987394e-02 1.210533806369737931e+03
1.000000000000000000e+00 -9.999999999999999673e+98 2.134525611742948854e+02 9.654444666774296691e-01 1.211587194460989622e+03 7.751829092932784704e+01 3.631640234385860588e-01 1.211587194460989622e+03
1.000000000000000000e+00 -9.999999999999999673e+98 1.331402776672138657e+02 2.261746427113651592e+00 1.214189944962784011e+03 2.439793297007062378e+01 1.832498279074768477e-01 1.214189944962784011e+03
1.000000000000000000e+00 -9.999999999999999673e+98 1.584439341272145327e+02 2.290946442855441578e+00 1.218901281109960564e+03 5.860270433599907847e+01 3.698639815958306154e-01 1.218901281109960564e+03
1.000000000000000000e+00 -9.999999999999999673e+98 2.573710568230711715e+02 2.788222169665372618e+00 1.212301184967749350e+03 2.214426554570210328e+02 8.604023241403209177e-01 1.212301184967749350e+03
1.000000000000000000e+00 -9.999999999999999673e+98 1.602829684800787220e+02 2.262473673031465626e+00 1.218238309226981301e+03 3.516388380139976562e+02 2.193862774994101983e+00 1.218238309226981301e+03
1.000000000000000000e+00 -9.999999999999999673e+98 2.924941181268900436e+02 6.755708980301750044e-01 1.219389198987061945e+03 2.580325585254803400e+02 8.821803329855010256e-01 1.219389198987061945e+03
1.000000000000000000e+00 -9.999999999999999673e+98 1.660660763088855276e+02 5.065605391803181812e-01 1.215690258975803772e+03 2.951800916007267119e+02 1.777485794580267342e+00 1.215690258975803772e+03
1.000000000000000000e+00 -9.999999999999999673e+98 1.855761657678578729e+02 1.673716957620423385e+00 1.217751804159825042e+03 9.290455305304389810e+01 5.006276138351767324e-01 1.217751804159825042e+03
1.000000000000000000e+00 -9.999999999999999673e+98 2.446956614486389299e+02 1.308678531064729311e+00 1.211592206686786994e+03 2.407668164069603733e+02 9.839439529968813103e-01 1.211592206686786994e+03
1.000000000000000000e+00 -9.999999999999999673e+98 2.341742454743948088e+02 2.667683549135464016e+00 1.215723158642734006e+03 3.393106886198422671e+02 1.448966721051924367e+00 1.215723158642734006e+03
1.000000000000000000e+00 -9.999999999999999673e+98 1.364205650854153475e+02 5.122871359018565940e-01 1.219808318367468701e+03 2.140437676264947413e+02 1.568999274357778306e+00 1.219808318367468701e+03
1.000000000000000000e+00 -9.999999999999999673e+98 1.389806462548971240e+02 1.332055042111677690e+00 1.214992811448423026e+03 8.680809041732739928e+00 6.246056034170198445e-02 1.214992811448423026e+03
1.000000000000000000e+00 -9.999999999999999673e+98 2.862582713411351278e+02 1.627065239948192188e+00 1.213376665501291427e+03 3.189334609701317618e+02 1.114145835772401005e+00 1.213376665501291427e+03
1.000000000000000000e+00 -9.999999999999999673e+98 1.279086936468194722e+02 1.634047100493790428e+00 1.211118887452985064e+03 1.974080242417626252e+01 1.543351109400305510e-01 1.211118887452985064e+03
1.000000000000000000e+00 -9.999999999999999673e+98 1.756585366475178773e+02 2.103443845861937556e-01 1.212301298455784263e+03 3.965496433783783914e+01 2.257502828764353098e-01 1.212301298455784263e+03
1.000000000000000000e+00 -9.999999999999999673e+98 1.344306519941350757e+02 8.341654993034738341e-01 1.211661996968149197e+03 3.423323645227876568e+02 2.546535030847896675e+00 1.211661996968149197e+03
1.000000000000000000e+00 -9.999999999999999673e+98 2.161432000121988608e+02 1.701592816684443621e+00 1.216843270309607760e+03 2.564969934561081004e+02 1.186699343035689802e+00 1.216843270309607760e+03
1.000000000000000000e+00 -9.999999999999999673e+98 2.871229470167283466e+02 1.443883087430687384e+00 1.219874213908351294e+03 2.810343288489671920e+01 9.787943867565332412e-02 1.219874213908351294e+03
1.000000000000000000e+00 -9.999999999999999673e+98 2.344316689324460583e+02 1.253551944868424251e+00 1.214726086929983467e+03 3.093362763583529045e+02 1.319515736790200400e+00 1.214726086929983467e+03
1.000000000000000000e+00 -9.999999999999999673e+98 2.522323751602092727e+02 2.021695668949997859e+00 1.211272999825081342e+03 3.371818568240583431e+02 1.336790555177114426e+00 1.211272999825081342e+03
1.000000000000000000e+00 -9.999999999999999673e+98 2.632576455988968291e+02 1.780199827885862618e+00 1.216291704050001954e+03 3.174372764400669666e+02 1.205804586293835579e+00 1.216291704050001954e+03
1.000000000000000000e+00 -9.999999999999999673e+98 2.782327070065286421e+02 4.484691984793016672e-01 1.218285859758085280e+03 1.711385996897542725e+02 6.150915955604693286e-01 1.218285859758085280e+03
1.000000000000000000e+00 -9.999999999999999673e+98 1.979275059636494802e+02 2.674593760881492699e+00 1.210617721761484063e+03 2.153391325793447777e+02 1.087969716644098250e+00 1.210617721761484063e+03
1.000000000000000000e+00 -9.999999999999999673e+98 2.584876301083646695e+02 2.834485277358318456e+00 1.214832900092032787e+03 2.300322661189139524e+02 8.899159546724866310e-01 1.214832900092032787e+03
1.000000000000000000e+00 -9.999999999999999673e+98 2.429718520680472977e+02 1.875372980976383275e+00 1.216547171057587320e+03 3.008644383848072152e+02 1.238268695834554345e+00 1.216547171057587320e+03
1.000000000000000000e+00 -9.999999999999999673e+98 1.389429955915043706e+02 1.442621643222882499e-01 1.217232277058635646e+03 2.200277925802205914e+02 1.583583192830442465e+00 1.217232277058635646e+03
1.000000000000000000e+00 -9.999999999999999673e+98 2.863985464907671599e+02 1.358611184394822313e+00 1.219172339300072736e+03 3.393307060629896910e+02 1.184819930899785323e+00 1.219172339300072736e+03
1.000000000000000000e+00 -9.999999999999999673e+98 1.348840538575559549e+02 2.864014370248292529e+00 1.213589181875000577e+03 3.744295027149506154e+02 2.775936013239683309e+00 1.213589181875000577e+03
1.000000000000000000e+00 -9.999999999999999673e+98 1.564316930336379414e+02 2.281427961501286406e-01 1.211527426754788166e+03 2.749639354588534843e+02 1.757725241775189629e+00 1.211527426754788166e+03
1.000000000000000000e+00 -9.999999999999999673e+98 2.056061069470666780e+02 2.063052524022999101e+00 1.213801559274647389e+03 3.364434371783818278e+02 1.636349436181870010e+00 1.213801559274647389e+03
1.000000000000000000e+00 -9.999999999999999673e+98 2.418173315326710338e+02 7.391379006273317565e-01 1.216861882038907652e+03 1.546968450219340525e+02 6.397260446198974604e-01 1.216861882038907652e+03
1.000000000000000000e+00 -9.999999999999999673e+98 1.590710522495317036e+02 2.701914299743513492e+00 1.210769351228537289e+03 1.395357877492356238e+02 8.771915805922281262e-01 1.210769351228537289e+03
1.000000000000000000e+00 -9.999999999999999673e+98 2.516051198666614539e+02 2.560565445934439133e+00 1.214049586457393616e+03 7.347178226488884434e+01 2.920122702742509180e-01 1.214049586457393616e+03
1.000000000000000000e+00 -9.999999999999999673e+98 2.166474868434466998e+02 2.211300280664716400e+00 1.214739726678847319e+03 2.074104379519372401e+02 9.573636923922209663e-01 1.214739726678847319e+03
1.000000000000000000e+00 -9.999999999999999673e+98 2.759907970315811099e+02 1.621746332479830244e+00 1.213427307010093500e+03 2.637011855406951213e+02 9.554709373534664429e-01 1.213427307010093500e+03
1.000000000000000000e+00 -9.999999999999999673e+98 2.238512468505753077e+02 2.803397312269959585e+00 1.211688407907446162e+03 3.856876384502660926e+02 1.722963994512478392e+00 1.211688407907446162e+03
1.000000000000000000e+00 -9.999999999999999673e+98 2.158469271674764229e+02 1.932147192546216807e+00 1.217956659813319675e+03 3.254227376670125977e+02 1.507655179239665078e+00 1.217956659813319675e+03
1.000000000000000000e+00 -9.999999999999999673e+98 2.950845185901696368e+02 2.715880652850488630e+00 1.218951952529467917e+03 2.216190374897459847e+01 7.510358000093636521e-02 1.218951952529467917e+03
1.000000000000000000e+00 -9.999999999999999673e+98 2.063840075066282225e+02 1.395268296882439030e+00 1.216453706838327207e+03 2.332816133818838864e+02 1.130327956125146027e+00 1.216453706838327207e+03
