weight logl C sigma mu1 a1 W lam0
1.000000000000000000e+00 -9.999999999999999673e+98 2.324498754402942735e-01 9.222705036522581556e-01 9.921678352034497550e-01 9.273080455235257480e-01
1.000000000000000000e+00 -9.999999999999999673e+98 6.340249320422918222e-01 7.971516614639674314e-01 4.117400146566951857e-02 1.276468238248645859e-01
1.000000000000000000e+00 -9.999999999999999673e+98 3.315878434701650113e-01 1.959230170840708940e-02 7.997543746640585205e-01 3.341621781593696605e-01
1.000000000000000000e+00 -9.999999999999999673e+98 8.087701915779419437e-01 2.357846381428462257e-01 6.490662860640437071e-01 4.261087665160219196e-01
1.000000000000000000e+00 -9.999999999999999673e+98 4.751566356955774229e-01 2.879159944224138901e-01 9.560210388920564739e-01 9.534996497021422934e-01
1.000000000000000000e+00 -9.999999999999999673e+98 3.233693383348520412e-01 3.966424946998661216e-01 6.596215110863179465e-01 5.233741575452743877e-02
1.000000000000000000e+00 -9.999999999999999673e+98 8.108378320815963214e-01 8.826183396817920412e-01 5.215566429282858518e-02 9.035908795883552669e-01
1.000000000000000000e+00 -9.999999999999999673e+98 3.590554911433114782e-01 1.946383746843618479e-01 3.822169858583139845e-01 4.382217825125928057e-01
1.000000000000000000e+00 -9.999999999999999673e+98 1.083446232470237636e-01 7.226538647863622877e-01 8.214074416979313398e-01 9.318107720012425155e-02
1.000000000000000000e+00 -9.999999999999999673e+98 8.845525944670610263e-01 5.355853001809581793e-01 8.091084822164351653e-02 9.321472203025703562e-01
1.000000000000000000e+00 -9.999999999999999673e+98 2.599235189286692727e-01 5.835013915066171730e-01 8.717879126022073377e-01 8.607108680792652233e-02
1.000000000000000000e+00 -9.999999999999999673e+98 3.452539609556308786e-01 9.725638763107645746e-01 3.910041326932425232e-01 2.440581652320126249e-01
1.000000000000000000e+00 -9.999999999999999673e+98 1.049546892948505228e-02 6.346611613285340070e-01 5.224097233366641335e-01 1.706389477642548114e-01
1.000000000000000000e+00 -9.999999999999999673e+98 8.026634430842636281e-01 5.094128841986688139e-01 8.637990109082949175e-02 4.490665332933617693e-01
1.000000000000000000e+00 -9.999999999999999673e+98 8.523380652658870682e-01 7.539716550352221214e-01 1.883628211282939446e-02 1.527867849272590561e-02
1.000000000000000000e+00 -9.999999999999999673e+98 3.902119076603972614e-01 5.977401130738254631e-01 3.121318000722351771e-01 4.924009465239523875e-01
1.000000000000000000e+00 -9.999999999999999673e+98 6.564689530142415741e-01 1.475526811637912772e-01 8.156563261639444562e-01 4.853565866506925897e-01
1.000000000000000000e+00 -9.999999999999999673e+98 2.476478529461755285e-01 9.934635271787641830e-01 1.389551411041000106e-01 5.543399636574062317e-01
1.000000000000000000e+00 -9.999999999999999673e+98 8.060950382946889814e-01 4.136839291366634086e-02 6.339956562139500429e-01 1.908200989411837911e-01
1.000000000000000000e+00 -9.999999999999999673e+98 4.813604497951126104e-01 3.731040618198357972e-01 5.178084225503172267e-01 6.647303261681244413e-01
1.000000000000000000e+00 -9.999999999999999673e+98 6.926094516843788185e-01 9.301235166895439610e-01 1.169404971962418882e-01 4.067779855845684578e-01
1.000000000000000000e+00 -9.999999999999999673e+98 7.539728088275678974e-01 5.842626280102480862e-01 6.007148240550288509e-01 9.553259407163772199e-02
1.000000000000000000e+00 -9.999999999999999673e+98 3.133221498508169667e-01 3.836745447518365992e-01 4.125346708793182771e-01 3.635149746041348440e-01
1.000000000000000000e+00 -9.999999999999999673e+98 7.674124045058527965e-01 9.425505740257467124e-03 2.145439854281783187e-01 9.058048883312629362e-01
1.000000000000000000e+00 -9.999999999999999673e+98 7.049029350734029586e-01 9.813807263834928296e-02 8.407966708131910938e-01 9.363342544204122930e-04
1.000000000000000000e+00 -9.999999999999999673e+98 5.435054330455743044e-01 9.191930594944831556e-01 7.592330449894414413e-01 9.831865565175833543e-01
1.000000000000000000e+00 -9.999999999999999673e+98 1.606264509568355869e-03 9.972764131611514538e-01 9.159286951947934741e-01 2.258910273593996987e-01
1.000000000000000000e+00 -9.999999999999999673e+98 7.588186337953974903e-01 3.002322851386184377e-01 5.591242854290133790e-01 6.117590532985132112e-01
1.000000000000000000e+00 -9.999999999999999673e+98 9.035164978699272709e-01 3.260893588696270884e-01 5.877478671439761992e-01 6.493590477588400134e-01
1.000000000000000000e+00 -9.999999999999999673e+98 3.435667421197136084e-01 6.558637137130455264e-01 6.795423972463464635e-01 2.997101802368856704e-01
1.000000000000000000e+00 -9.999999999999999673e+98 6.874866051215355878e-02 7.341905341530543527e-01 8.879336198514604650e-01 5.714593235007482397e-01
1.000000000000000000e+00 -9.999999999999999673e+98 7.600263087337638668e-01 2.248634485125535765e-01 5.467824260658872282e-01 4.446861237062029737e-01
1.000000000000000000e+00 -9.999999999999999673e+98 4.372931466299154746e-01 8.111816984655283447e-01 6.894308180009511844e-01 7.379957623294580715e-01
1.000000000000000000e+00 -9.999999999999999673e+98 6.835121491780746794e-01 6.363194772039471037e-01 7.473713863797648571e-01 2.122900101809683804e-01
1.000000000000000000e+00 -9.999999999999999673e+98 6.099951411217485742e-01 7.502407657381763295e-01 3.074617048911654216e-01 3.314948884215240810e-03
1.000000000000000000e+00 -9.999999999999999673e+98 2.762462204766160667e-01 9.283228462641495149e-01 4.072594364289048308e-01 8.209151889339401098e-01
1.000000000000000000e+00 -9.999999999999999673e+98 1.773760006115808752e-01 7.890341236853488649e-01 7.043474925472404946e-01 5.228691030597885092e-01
1.000000000000000000e+00 -9.999999999999999673e+98 2.274275924264829163e-01 7.454344152378097332e-01 5.016433901842183296e-01 5.980754770071979864e-01
1.000000000000000000e+00 -9.999999999999999673e+98 9.889356689416326507e-01 6.975338158352496487e-01 1.372121995217346901e-01 2.568202334205184068e-01
1.000000000000000000e+00 -9.999999999999999673e+98 4.647960026786511767e-01 8.531715340682741733e-01 8.461856990327365491e-01 8.461298961333136859e-01
1.000000000000000000e+00 -9.999999999999999673e+98 3.695149408865137097e-01 7.390022571145016261e-02 3.736326540644452354e-02 6.229098721232713132e-01
1.000000000000000000e+00 -9.999999999999999673e+98 5.612901991040031291e-02 1.488372220576291705e-01 7.106484992124116884e-01 3.012442008415217032e-03
1.000000000000000000e+00 -9.999999999999999673e+98 3.235335988547621833e-01 5.853168558623678130e-01 5.002981991551488372e-01 1.719169448104720388e-01
1.000000000000000000e+00 -9.999999999999999673e+98 6.199191651017745830e-01 1.111400644083693212e-01 1.259961819369673774e-01 6.337878852848273237e-01
1.000000000000000000e+00 -9.999999999999999673e+98 2.939300685983324835e-01 6.832555257551269356e-01 5.672337622401145696e-01 6.716043978078652943e-01
1.000000000000000000e+00 -9.999999999999999673e+98 7.996438686459188538e-01 3.485116049362778634e-01 5.720614530406741283e-01 1.495075525323492638e-01
1.000000000000000000e+00 -9.999999999999999673e+98 5.629553410018208748e-01 2.159244578166197304e-01 3.191252290258339563e-02 4.002655303005636656e-01
1.000000000000000000e+00 -9.999999999999999673e+98 9.652687199254331718e-01 8.687892609233365260e-01 9.148279215045743706e-01 6.512122544083189801e-01
1.000000000000000000e+00 -9.999999999999999673e+98 7.554231729001079643e-01 5.611343741539850383e-01 8.377489262185415786e-01 9.124106949590643501e-01
1.000000000000000000e+00 -9.999999999999999673e+98 7.848332562137723123e-01 4.085532765099998409e-01 1.689166198911474792e-01 4.204106865731851439e-01
1.000000000000000000e+00 -9.999999999999999673e+98 9.826133447016297540e-01 5.152349157376645561e-01 1.833311057063203853e-01 7.819308676999013885e-01
1.000000000000000000e+00 -9.999999999999999673e+98 7.464408518590818220e-01 1.516234322994181039e-02 5.759921087657705607e-01 2.738415321793006285e-01
1.000000000000000000e+00 -9.999999999999999673e+98 1.351176745290961767e-01 3.040884772742036279e-01 3.592959623938680735e-01 9.511093673678564508e-01
1.000000000000000000e+00 -9.999999999999999673e+98 1.771312456807376812e-01 6.787184665122358851e-01 2.856907989271384452e-01 5.140413197222526431e-01
1.000000000000000000e+00 -9.999999999999999673e+98 8.461987500880688851e-01 2.819787169576959407e-02 9.388492477000478509e-01 8.973843724736899619e-01
1.000000000000000000e+00 -9.999999999999999673e+98 2.555359739391077634e-01 3.602121712165577971e-01 3.773463057659117714e-01 3.851655436646880259e-01
1.000000000000000000e+00 -9.999999999999999673e+98 2.204509930319997757e-01 3.131920108199930386e-01 5.110530352655031638e-01 9.824061497757522465e-01
1.000000000000000000e+00 -9.999999999999999673e+98 8.596232820472761160e-01 5.373450067333841451e-01 2.286621588899562241e-01 5.687656211811670248e-01
1.000000000000000000e+00 -9.999999999999999673e+98 3.904173129587251712e-01 6.924775592788691148e-01 1.949842758758988381e-01 6.973224184721327212e-02
1.000000000000000000e+00 -9.999999999999999673e+98 4.956492356346675621e-01 1.363369750662117852e-01 5.382221338985841985e-01 8.466132167698146027e-01
1.000000000000000000e+00 -9.999999999999999673e+98 5.925008883295875828e-01 4.046710087077689533e-01 1.156459669382616795e-01 5.698931129055585521e-01
1.000000000000000000e+00 -9.999999999999999673e+98 9.572109135219950549e-01 2.421287025399748716e-01 3.474263345752466314e-01 2.437585913830128126e-01
1.000000000000000000e+00 -9.999999999999999673e+98 8.935553242782816596e-01 9.741181567929444451e-01 6.121512050349017242e-01 1.181195135273604979e-01
1.000000000000000000e+00 -9.999999999999999673e+98 3.005057006438699441e-01 8.691801378915826604e-01 7.717149271409197153e-01 1.232408215739205781e-01
1.000000000000000000e+00 -9.999999999999999673e+98 5.907568742004901674e-01 4.475689646976517277e-01 2.268640325454397422e-01 2.367201982691387041e-01
1.000000000000000000e+00 -9.999999999999999673e+98 5.904458418619573656e-02 9.406147805643660931e-01 9.138968612579374540e-01 7.927342831748359631e-01
1.000000000000000000e+00 -9.999999999999999673e+98 1.596318918526048458e-01 2.491236059853079166e-01 3.273669324851902207e-02 4.602558351207653997e-01
1.000000000000000000e+00 -9.999999999999999673e+98 7.116378773519111967e-01 3.301029594439985893e-02 4.501054887635318469e-01 4.091594346748638200e-01
1.000000000000000000e+00 -9.999999999999999673e+98 3.140759723912902590e-01 2.798494977790395577e-01 4.756892499348204240e-01 5.424813393713640020e-01
1.000000000000000000e+00 -9.999999999999999673e+98 3.773844419118336235e-01 5.962032738962896872e-02 8.355161913644785221e-01 8.163546052448455992e-02
1.000000000000000000e+00 -9.999999999999999673e+98 6.347152880755175808e-01 1.990120094407643592e-02 4.235801067832368760e-01 4.973570364188362181e-01
1.000000000000000000e+00 -9.999999999999999673e+98 7.127277990454571333e-01 1.996075858254560131e-01 5.733683277564312064e-01 1.382251725796966868e-01
1.000000000000000000e+00 -9.999999999999999673e+98 4.055774945877178572e-01 4.987481286387800417e-01 1.658410444882839618e-01 2.554059301944852090e-01
1.000000000000000000e+00 -9.999999999999999673e+98 3.422943700530464151e-01 7.050117461209175485e-01 6.775187749417289629e-01 7.955557794317614784e-01
1.000000000000000000e+00 -9.999999999999999673e+98 3.631666925444505534e-01 6.936875611866766267e-01 1.381208482328710740e-01 2.082979949220041815e-01
1.000000000000000000e+00 -9.999999999999999673e+98 6.635229718984320124e-01 8.246082458117209857e-01 8.329311093211911876e-01 2.135821265775139643e-02
1.000000000000000000e+00 -9.999999999999999673e+98 2.398809926339278142e-01 6.175148423001511899e-01 9.626725562822812110e-01 4.150094378382362947e-01
1.000000000000000000e+00 -9.999999999999999673e+98 4.181682998479305802e-01 8.515108008898347736e-01 7.765207604003969699e-01 1.091581787730212527e-01
1.000000000000000000e+00 -9.999999999999999673e+98 3.295629805168172055e-01 7.812367194308628138e-01 5.204422580141452315e-01 5.065638874427959015e-01
1.000000000000000000e+00 -9.999999999999999673e+98 8.297123557216826706e-01 6.597197340133615917e-01 6.405445392074350375e-01 4.515011494303254880e-01
1.000000000000000000e+00 -9.999999999999999673e+98 7.278564693215202608e-01 1.724356874279064922e-02 9.346522958789758029e-01 1.705015355092412976e-01
1.000000000000000000e+00 -9.999999999999999673e+98 1.431153381313576833e-01 5.101088444488104390e-01 3.040659554282776345e-01 9.043656205515822055e-01
1.000000000000000000e+00 -9.999999999999999673e+98 4.711825895953393184e-01 8.759486075882272349e-01 9.656379044154695945e-01 3.433310552013729700e-01
1.000000000000000000e+00 -9.999999999999999673e+98 1.924374482808899334e-02 4.827816393611275014e-01 8.468884614384497578e-02 1.574255965087451026e-01
1.000000000000000000e+00 -9.999999999999999673e+98 5.543931460446619441e-01 3.020829382568058774e-01 7.977976155619106446e-01 3.777277159073968438e-01
1.000000000000000000e+00 -9.999999999999999673e+98 9.917902671989865526e-01 5.818049475120882219e-01 6.557358237016971403e-01 5.245779522350269009e-02
1.000000000000000000e+00 -9.999999999999999673e+98 6.431580316781080331e-01 9.535948920262816708e-01 3.807562029288058536e-02 1.870929054864769459e-01
1.000000000000000000e+00 -9.999999999999999673e+98 3.157976932351455046e-01 4.951644524827404359e-01 8.103244710159350772e-01 1.871263704204657596e-01
1.000000000000000000e+00 -9.999999999999999673e+98 2.237629735383135365e-01 1.601262049462341963e-01 6.602330561168290313e-02 9.529289368477256161e-02
1.000000000000000000e+00 -9.999999999999999673e+98 8.105620095494311395e-01 7.082000976315871998e-01 5.156435605821336754e-01 9.437567632143332164e-01
1.000000000000000000e+00 -9.999999999999999673e+98 1.935428938216754435e-01 9.394250246069576482e-01 6.872564339899409624e-01 5.325160221611594524e-01
1.000000000000000000e+00 -9.999999999999999673e+98 4.765677417931156734e-01 6.221918025733088609e-01 3.444005223086056278e-01 9.896478679559226332e-01
1.000000000000000000e+00 -9.999999999999999673e+98 6.315702833250965709e-01 1.529105774340382418e-01 5.933294791023898673e-01 2.285871129971515092e-01
1.000000000000000000e+00 -9.999999999999999673e+98 9.608034458272992628e-01 2.391683865731641934e-02 1.201906970899502269e-03 4.644345936514692186e-01
1.000000000000000000e+00 -9.999999999999999673e+98 3.611023731599571907e-02 1.962188463669420901e-01 3.574041320379416353e-01 6.130966997427322873e-02
1.000000000000000000e+00 -9.999999999999999673e+98 3.620087397791962314e-01 2.802548443200690853e-01 7.560439025847824901e-01 8.063997607977813065e-02
1.000000000000000000e+00 -9.999999999999999673e+98 3.533521577712473993e-01 6.137164034390421019e-01 9.981556463423435499e-02 3.853697871078061166e-01
1.000000000000000000e+00 -9.999999999999999673e+98 4.653066696905820976e-01 3.363667723959795630e-01 5.582411818210762933e-01 3.575806020287223275e-01
1.000000000000000000e+00 -9.999999999999999673e+98 3.032911533510573854e-01 5.684694647020784863e-01 3.085751163651482276e-01 2.518649209319249183e-01
1.000000000000000000e+00 -9.999999999999999673e+98 8.956982322778284100e-02 1.111837139425682075e-01 3.951492085378860430e-02 7.118145398165794946e-01
1.000000000000000000e+00 -9.999999999999999673e+98 2.155519665002942897e-01 5.640833367762765338e-01 3.691438600431706796e-01 8.421428554272519795e-01
1.000000000000000000e+00 -9.999999999999999673e+98 2.325124485378826655e-02 4.620033213086783830e-01 4.610804227012793577e-01 3.328278076521720141e-01
1.000000000000000000e+00 -9.999999999999999673e+98 7.668041612159015585e-02 9.107413294574059348e-01 1.054259911626761470e-01 6.997649891837207647e-01
1.000000000000000000e+00 -9.999999999999999673e+98 5.927376589721649047e-01 3.141175854689022273e-01 9.337258049756608225e-01 4.371624997780441113e-01
1.000000000000000000e+00 -9.999999999999999673e+98 4.734184898608844172e-01 5.696704267925958298e-01 7.020445478545334073e-01 2.882773206899063023e-01
1.000000000000000000e+00 -9.999999999999999673e+98 5.835174730718527547e-01 1.857027845221665974e-01 6.103789773711379985e-01 3.054506995582941808e-01
1.000000000000000000e+00 -9.999999999999999673e+98 6.291003503860278512e-01 3.596098787561636811e-01 5.247923984302449441e-02 7.256320570545058413e-01
1.000000000000000000e+00 -9.999999999999999673e+98 5.015910743686122775e-01 8.398193949094706623e-01 4.215331621329840850e-01 7.158251646561640813e-01
1.000000000000000000e+00 -9.999999999999999673e+98 5.741434787763122216e-02 3.442786843272902519e-01 2.465595183762739895e-01 4.865541468912751855e-01
1.000000000000000000e+00 -9.999999999999999673e+98 7.143764951244264694e-01 6.257777260658460294e-01 4.323564186226669381e-02 2.939580136659666332e-01
1.000000000000000000e+00 -9.999999999999999673e+98 3.566014999420192844e-01 7.658473794427040904e-01 8.371292169637511993e-02 7.841088528608541885e-02
1.000000000000000000e+00 -9.999999999999999673e+98 4.467534501762652210e-01 3.934704133450925845e-01 2.892587885646465962e-01 1.526746525668289944e-01
1.000000000000000000e+00 -9.999999999999999673e+98 1.220264472996691607e-01 6.479396064381196529e-01 1.336911089419705601e-01 1.654757799081998382e-01
1.000000000000000000e+00 -9.999999999999999673e+98 2.681451733219356592e-01 4.433206751622775776e-02 7.702636500546118370e-01 6.158573541846328325e-01
1.000000000000000000e+00 -9.999999999999999673e+98 5.008505903365005896e-01 1.400088594122427255e-01 9.113161579430983927e-01 8.369154691484640418e-01
1.000000000000000000e+00 -9.999999999999999673e+98 7.526402487726177037e-01 3.638710644153707596e-01 5.885968786826604182e-01 6.281050752239818458e-01
1.000000000000000000e+00 -9.999999999999999673e+98 1.312433017287834014e-01 4.443663510128799121e-01 1.941163636995869579e-01 5.705628206545856340e-01
1.000000000000000000e+00 -9.999999999999999673e+98 4.353999161527315476e-01 7.727454500908579327e-01 5.178135116555601103e-01 2.158350747090109767e-01
1.000000000000000000e+00 -9.999999999999999673e+98 7.359017341173403892e-01 8.621026279656706093e-01 5.976853002423875294e-01 8.098156919077456051e-01
1.000000000000000000e+00 -9.999999999999999673e+98 6.115395601994235708e-01 6.266010290313390740e-01 9.028339561254346002e-01 6.405784705547957758e-01
1.000000000000000000e+00 -9.999999999999999673e+98 3.514842035505352236e-01 5.175449063387201898e-01 2.112254904619017548e-01 2.059536843296293496e-01
1.000000000000000000e+00 -9.999999999999999673e+98 9.180827414077131765e-01 2.367383802129185977e-02 8.811878624215638833e-01 9.254117945586725069e-01
1.000000000000000000e+00 -9.999999999999999673e+98 5.156759298091556643e-01 7.356729264440442506e-02 9.367859677071586066e-01 9.247458500122197611e-01
1.000000000000000000e+00 -9.999999999999999673e+98 7.703758686590023164e-02 5.773872896308102076e-01 6.924054374424752911e-01 6.389164922869315921e-01
1.000000000000000000e+00 -9.999999999999999673e+98 1.953997006666484682e-01 2.085038819688515010e-01 7.215468830297150360e-01 2.356240506251587874e-01
1.000000000000000000e+00 -9.999999999999999673e+98 1.074634411067676432e-02 9.887319533899098234e-01 6.908861957991057068e-01 2.423986443881334107e-01
1.000000000000000000e+00 -9.999999999999999673e+98 6.407606526622958709e-01 3.846485851588269389e-01 3.321239930131326679e-01 8.218473791592462163e-04
1.000000000000000000e+00 -9.999999999999999673e+98 2.421367057974784798e-01 1.336429414310857933e-02 5.979359715534339204e-01 6.341595271323732241e-01
1.000000000000000000e+00 -9.999999999999999673e+98 7.579641492771096445e-01 8.182661838431907197e-01 9.194187809265373934e-01 4.624310719239400624e-01
1.000000000000000000e+00 -9.999999999999999673e+98 6.545535406480663676e-01 2.639527226751917643e-01 1.029440281564880655e-01 8.224907236209392236e-01
1.000000000000000000e+00 -9.999999999999999673e+98 8.483511972728839945e-01 5.251899093118181927e-01 3.589209645580060393e-01 4.736057969959367453e-01
1.000000000000000000e+00 -9.999999999999999673e+98 8.526414168234841551e-01 3.109722472865865672e-01 6.918211560493768841e-01 8.538453538807038168e-01
1.000000000000000000e+00 -9.999999999999999673e+98 2.995247881367456566e-01 3.171724031983500502e-01 3.034909997569117390e-01 6.654530290744236076e-01
1.000000000000000000e+00 -9.999999999999999673e+98 7.216852756089575660e-01 5.659860649910454233e-01 1.424613971865582585e-01 2.349419597614826882e-01
1.000000000000000000e+00 -9.999999999999999673e+98 1.873816143501549902e-02 7.711126461762236595e-01 6.360121819168951252e-02 9.930433291946740848e-01
1.000000000000000000e+00 -9.999999999999999673e+98 9.859567323619078394e-02 8.519157220663220453e-02 1.563743961707425578e-01 1.029735895734715800e-01
1.000000000000000000e+00 -9.999999999999999673e+98 9.117219202787585353e-02 2.402615305042163918e-01 8.988001697096666964e-01 3.445749366576933426e-02
1.000000000000000000e+00 -9.999999999999999673e+98 7.656432440581577570e-01 4.764860653042255478e-01 4.467158061718379258e-01 3.828368453076048672e-01
1.000000000000000000e+00 -9.999999999999999673e+98 4.907054128038675911e-01 2.253276448573565682e-01 4.908497342665255614e-01 9.214805320596336502e-01
1.000000000000000000e+00 -9.999999999999999673e+98 7.699959654936171516e-01 7.463638037138220493e-01 6.888227822262741329e-01 9.581876974216063658e-02
1.000000000000000000e+00 -9.999999999999999673e+98 8.840030063646938663e-01 7.010910432942440984e-03 9.905030451120268031e-01 4.066405162422757069e-01
1.000000000000000000e+00 -9.999999999999999673e+98 6.914794622854895101e-01 8.812324127630720705e-01 8.734109386490682692e-01 4.535241882718210604e-02
1.000000000000000000e+00 -9.999999999999999673e+98 9.574429781029691888e-01 2.083882314385432366e-02 2.874817674398105760e-01 7.829397999628229243e-02
1.000000000000000000e+00 -9.999999999999999673e+98 2.969440874226803029e-02 2.480892671834296070e-01 7.285166889637382237e-01 6.803027629581780422e-01
1.000000000000000000e+00 -9.999999999999999673e+98 2.129781825573719978e-01 1.826505530935333965e-01 4.113589444420506780e-01 7.909191474081761486e-01
1.000000000000000000e+00 -9.999999999999999673e+98 8.559167799139524302e-01 5.573925175933642784e-01 6.126774384141572272e-01 5.601177598050488537e-01
1.000000000000000000e+00 -9.999999999999999673e+98 1.450470645340850018e-01 2.834951087485382271e-01 2.580949607730740336e-01 2.010324004749175497e-01
1.000000000000000000e+00 -9.999999999999999673e+98 4.501962787424440560e-01 3.986595435148817534e-01 8.229193957796426817e-01 4.838150336905946425e-01
1.000000000000000000e+00 -9.999999999999999673e+98 8.806093451939447370e-01 2.425192318652827916e-01 5.896672230036569262e-01 1.383357202311290557e-01
1.000000000000000000e+00 -9.999999999999999673e+98 1.307104479748869563e-01 9.842015016769594116e-01 9.689103376370380438e-01 6.961263604741052546e-01
1.000000000000000000e+00 -9.999999999999999673e+98 7.372018410808058864e-01 1.900259298253684781e-01 3.605750982227918788e-01 6.313081079700898490e-01
1.000000000000000000e+00 -9.999999999999999673e+98 1.436942652333909054e-01 4.251180227708417636e-02 4.303395952678036318e-01 7.957341488474852786e-01
1.000000000000000000e+00 -9.999999999999999673e+98 5.169717578590979912e-01 9.006750926845565886e-01 7.704569667711643755e-01 1.086951099930617559e-01
1.000000000000000000e+00 -9.999999999999999673e+98 6.626780008227579621e-01 5.193969202798875973e-02 9.941794342973166998e-01 4.427263626980937339e-02
1.000000000000000000e+00 -9.999999999999999673e+98 1.387147840055669157e-03 9.876630655478246812e-01 6.995376747693515807e-01 2.696248030503062276e-01
1.000000000000000000e+00 -9.999999999999999673e+98 4.248750439455089012e-01 6.868581351167483140e-01 8.929387059107722902e-01 7.113206466528010363e-02
1.000000000000000000e+00 -9.999999999999999673e+98 3.182482555007345448e-01 2.050364079762603264e-01 7.323398843391970559e-01 2.916014077701406526e-01
1.000000000000000000e+00 -9.999999999999999673e+98 3.223987402973663707e-01 9.365399795920573700e-01 9.207900694383890361e-01 2.451658883649391329e-01
1.000000000000000000e+00 -9.999999999999999673e+98 1.107872052421144948e-01 6.237236759378061990e-02 4.805009697080617759e-01 3.272193501476208244e-01
1.000000000000000000e+00 -9.999999999999999673e+98 9.861007449931680213e-04 8.958529377600359389e-01 8.367203707537715918e-01 2.092170666370202214e-01
1.000000000000000000e+00 -9.999999999999999673e+98 2.003249914026459244e-01 5.599606239546323083e-01 7.130083071034039044e-01 9.674236661755196698e-01
1.000000000000000000e+00 -9.999999999999999673e+98 3.819468389892349824e-01 8.694057367617278320e-01 5.126322112799439612e-01 9.996550219750144350e-02
1.000000000000000000e+00 -9.999999999999999673e+98 4.832945310042656706e-01 7.024350692194611945e-01 2.509420909878612438e-01 6.294047530880011454e-01
1.000000000000000000e+00 -9.999999999999999673e+98 1.461564793068419466e-01 3.234049896960108361e-01 8.641901296336726990e-01 1.589384101974906649e-01
1.000000000000000000e+00 -9.999999999999999673e+98 4.566800739164761369e-01 3.046902560443441876e-01 2.076014479916792332e-01 9.277612725037399644e-01
1.000000000000000000e+00 -9.999999999999999673e+98 7.199522942806015902e-01 3.675145856228905217e-01 2.440048024840502094e-01 6.813996192641708083e-01
1.000000000000000000e+00 -9.999999999999999673e+98 9.199352831294571597e-01 3.534044666750916219e-01 7.030411954638114969e-01 9.327988566229740153e-01
1.000000000000000000e+00 -9.999999999999999673e+98 4.382565692203804764e-01 7.253017504507208724e-01 3.281528623431372305e-01 7.453163914458005301e-02
1.000000000000000000e+00 -9.999999999999999673e+98 9.944767720023175439e-01 1.811739794774372969e-01 9.787699277684122068e-01 5.408328826477850626e-01
1.000000000000000000e+00 -9.999999999999999673e+98 9.315197411957398810e-02 7.868085156471841257e-01 6.259686922153246957e-01 5.851845436549120150e-01
1.000000000000000000e+00 -9.999999999999999673e+98 6.716718650081209274e-01 7.091398490485484318e-01 9.322940620720021609e-01 1.959797243412850776e-01
1.000000000000000000e+00 -9.999999999999999673e+98 4.661951886231032738e-01 6.007140246575094489e-01 6.981320127686552190e-02 3.679110809813244121e-01
1.000000000000000000e+00 -9.999999999999999673e+98 9.512267765821343923e-01 1.820429206191018778e-01 9.027655962037127724e-01 4.673734960829492024e-01
1.000000000000000000e+00 -9.999999999999999673e+98 5.907735674379944735e-01 7.981273664320275296e-01 3.226055056545229505e-01 3.646473284264223347e-01
1.000000000000000000e+00 -9.999999999999999673e+98 3.855860926103286124e-01 8.454066927314922708e-01 9.345886377794988542e-01 9.040691710467618769e-02
1.000000000000000000e+00 -9.999999999999999673e+98 8.627685746458978455e-01 2.542819313630521050e-01 8.884382986466774490e-01 5.749156186061661344e-01
1.000000000000000000e+00 -9.999999999999999673e+98 8.820886190573264951e-01 8.824625545190640796e-01 7.982455789211139185e-01 3.819018934491444917e-01
1.000000000000000000e+00 -9.999999999999999673e+98 8.223447853724863421e-03 3.004430062280638580e-01 5.027538113228574579e-01 8.498387654480438202e-01
1.000000000000000000e+00 -9.999999999999999673e+98 5.126120631467869782e-01 7.139461086002198975e-01 9.957279715766014228e-01 4.289724970162233086e-01
1.000000000000000000e+00 -9.999999999999999673e+98 6.227624128537720960e-01 3.181572744681175902e-01 3.781761081254790824e-01 7.633960755160242861e-01
1.000000000000000000e+00 -9.999999999999999673e+98 1.176702058286338559e-01 5.758834754500963271e-02 1.937935405761951335e-01 2.370638234578443804e-01
1.000000000000000000e+00 -9.999999999999999673e+98 2.688334382433760217e-01 4.920729498574032412e-01 2.832306903746680815e-01 2.764337279061986896e-01
1.000000000000000000e+00 -9.999999999999999673e+98 8.938473421913816219e-01 1.835635814700101731e-01 9.635048350530472927e-01 2.019838415525587738e-02
1.000000000000000000e+00 -9.999999999999999673e+98 3.600054899829765453e-01 5.320286846974292549e-01 8.438977539604567424e-01 9.413471907156274465e-01
1.000000000000000000e+00 -9.999999999999999673e+98 3.447072127601700231e-01 5.476515624302312757e-01 2.559612113101854547e-01 7.087029967568481137e-01
1.000000000000000000e+00 -9.999999999999999673e+98 6.363918947533174775e-01 8.250140450546032955e-01 1.601114111428917353e-01 3.314908124677954371e-01
1.000000000000000000e+00 -9.999999999999999673e+98 3.960692796919081937e-01 2.118364308637065152e-01 3.911625443385442491e-01 2.102344859850969749e-01
1.000000000000000000e+00 -9.999999999999999673e+98 9.734403460208761460e-01 8.043287605402874574e-01 3.974163161603030403e-01 4.970173820823483579e-01
1.000000000000000000e+00 -9.999999999999999673e+98 8.253499444344749580e-01 7.479339841166547931e-01 7.639509040727392453e-01 7.799261122065711538e-01
1.000000000000000000e+00 -9.999999999999999673e+98 3.404202311686990168e-01 6.882489687566737402e-01 5.697672550368539923e-01 1.041083056783073113e-01
1.000000000000000000e+00 -9.999999999999999673e+98 9.797609262854271028e-01 6.123101343793212470e-01 8.948178160214406152e-01 3.278357954030570731e-01
1.000000000000000000e+00 -9.999999999999999673e+98 4.021358755510282545e-01 5.212950236437511320e-01 4.459137091689635568e-01 9.307989454887960479e-01
1.000000000000000000e+00 -9.999999999999999673e+98 2.541397356526355900e-01 4.784658798096166343e-01 9.851592854756714424e-01 7.696090033757816418e-01
1.000000000000000000e+00 -9.999999999999999673e+98 3.523317896104739555e-01 6.108696108162460225e-01 3.867291556774868910e-01 9.446352165526781253e-01
1.000000000000000000e+00 -9.999999999999999673e+98 8.086128226193570745e-01 6.411300414978117201e-01 4.882338614750216799e-01 8.923915441025869200e-01
1.000000000000000000e+00 -9.999999999999999673e+98 8.924772020422621077e-01 3.417080891512007668e-01 7.694632886995349530e-01 9.418491981673154934e-01
1.000000000000000000e+00 -9.999999999999999673e+98 9.440787845738431994e-01 5.883066765574627155e-01 7.748473114498035663e-01 6.266763498273991706e-01
1.000000000000000000e+00 -9.999999999999999673e+98 2.862685230803975189e-01 9.680218635391324433e-01 9.300418539514295757e-01 6.339159660856166223e-01
1.000000000000000000e+00 -9.999999999999999673e+98 8.546925769904675230e-01 5.053925449982344942e-01 7.766493186311016483e-01 5.169590944454652837e-01
1.000000000000000000e+00 -9.999999999999999673e+98 3.735582603119482759e-01 8.850524041671303799e-01 4.041441601146594786e-01 3.565831174725416775e-01
1.000000000000000000e+00 -9.999999999999999673e+98 3.451100201123110667e-01 9.486166069447482529e-01 8.098377521090649456e-01 6.176073717826945364e-01
1.000000000000000000e+00 -9.999999999999999673e+98 4.777372974519534798e-01 1.961433480391588935e-01 8.938786372612617104e-01 2.750416065469996063e-02
1.000000000000000000e+00 -9.999999999999999673e+98 3.245219937425224410e-01 6.606824769121899532e-02 6.255687816671173795e-01 1.662477904369088488e-01
1.000000000000000000e+00 -9.999999999999999673e+98 4.390878994138094349e-01 5.639901150345517644e-01 4.508094082656024515e-01 6.594262012508861348e-01
1.000000000000000000e+00 -9.999999999999999673e+98 5.597548759186043998e-02 2.165458472865556816e-01 5.741512963525280400e-01 9.376210634939824429e-01
1.000000000000000000e+00 -9.999999999999999673e+98 7.959041618688383890e-01 2.501766367172343353e-01 3.014373531835371489e-01 2.990968718481199495e-01
1.000000000000000000e+00 -9.999999999999999673e+98 3.689933729900659598e-01 8.744985211447607876e-01 8.681861445879590633e-01 5.367457813161009561e-01
1.000000000000000000e+00 -9.999999999999999673e+98 4.267338498332897689e-01 2.732072292282138326e-01 9.688859834137411031e-01 5.333917953022069280e-01
1.000000000000000000e+00 -9.999999999999999673e+98 1.310326584327925481e-02 2.354596637781420920e-01 8.339277985147728334e-01 6.291212514299382441e-01
1.000000000000000000e+00 -9.999999999999999673e+98 1.426431766102981280e-01 3.396388548466241497e-01 8.568616793289728362e-01 2.038090860646335489e-02
1.000000000000000000e+00 -9.999999999999999673e+98 3.909647171663054310e-01 6.466147874055702127e-01 4.155473180210317308e-01 3.280719246519295806e-01
1.000000000000000000e+00 -9.999999999999999673e+98 8.495502193493039700e-01 2.883976782031529851e-01 4.829595459201254659e-01 3.045543605386578090e-01
1.000000000000000000e+00 -9.999999999999999673e+98 2.015322448869161231e-02 1.154130989220647496e-02 5.185880419482605808e-01 2.458365864983402815e-01
1.000000000000000000e+00 -9.999999999999999673e+98 3.440920518946699591e-02 4.889405917702838167e-01 3.309866636303496756e-01 7.563209701216492276e-01
1.000000000000000000e+00 -9.999999999999999673e+98 8.429529668099304818e-01 5.430789818136331215e-01 6.493819190995966384e-01 5.368245512331886182e-01
1.000000000000000000e+00 -9.999999999999999673e+98 6.378649003842640219e-02 6.496863222313434827e-01 1.886452745134883369e-01 5.153439737093623574e-01
1.000000000000000000e+00 -9.999999999999999673e+98 8.174230472960888338e-01 9.621960992396193513e-01 8.805730287425719283e-01 9.579124075357627888e-01
1.000000000000000000e+00 -9.999999999999999673e+98 7.117586485432629839e-01 1.468270785144987212e-02 3.323559259620291195e-01 6.093896629482918881e-01
1.000000000000000000e+00 -9.999999999999999673e+98 4.666334712944655294e-01 4.971631479456376512e-01 5.492471674252801250e-01 2.326750468543545836e-01
1.000000000000000000e+00 -9.999999999999999673e+98 4.181900484335362433e-01 4.182076627210724595e-01 9.054539388044984261e-01 3.452881816328345899e-02
1.000000000000000000e+00 -9.999999999999999673e+98 6.881893948937067851e-02 3.981945905676185227e-01 1.961792879228382303e-01 7.682481318378950874e-01
1.000000000000000000e+00 -9.999999999999999673e+98 1.957595211596330209e-02 6.292379207924239104e-01 2.795754304558379921e-01 6.889447679506677247e-02
1.000000000000000000e+00 -9.999999999999999673e+98 9.307184470905494056e-02 5.260792322583517366e-01 1.271990774933592361e-01 3.306799715423492936e-01
1.000000000000000000e+00 -9.999999999999999673e+98 7.695894847198531119e-01 6.950279416458262638e-01 3.419265708707514007e-01 5.352744157422213434e-01
1.000000000000000000e+00 -9.999999999999999673e+98 5.828147981010067813e-02 3.383200198238256462e-01 7.026052331104024606e-01 1.879498842930980018e-01
1.000000000000000000e+00 -9.999999999999999673e+98 3.211199254405542325e-01 8.710320451155278976e-01 6.474892030707428692e-01 7.799917061957456488e-01
1.000000000000000000e+00 -9.999999999999999673e+98 9.113021954875278885e-01 2.692792943357296132e-01 9.632762890053455651e-01 6.842483741043214884e-01
1.000000000000000000e+00 -9.999999999999999673e+98 5.793907349778161242e-01 7.658703352385669572e-01 3.009165992589969418e-01 4.086100892467421364e-01
1.000000000000000000e+00 -9.999999999999999673e+98 4.182638966279716985e-02 4.014886095038525671e-01 5.155187710196393880e-01 8.371116847731402411e-01
1.000000000000000000e+00 -9.999999999999999673e+98 6.563432880773070188e-01 4.177343622743669993e-01 6.392191611294462117e-01 4.417307344439678207e-01
1.000000000000000000e+00 -9.999999999999999673e+98 3.905569104024785299e-01 6.377233675467575136e-01 6.946969509268765552e-01 9.024699209869982974e-01
1.000000000000000000e+00 -9.999999999999999673e+98 7.507508236478803720e-01 4.623786403660116173e-01 7.981977577511083499e-01 4.378765147402473579e-01
1.000000000000000000e+00 -9.999999999999999673e+98 5.170346733093296177e-01 4.499317187575336829e-01 8.308435213708350586e-01 5.428360206326009463e-01
1.000000000000000000e+00 -9.999999999999999673e+98 1.804623022303619706e-01 6.920794018975057194e-01 4.983055168441196114e-01 3.473992942309743759e-01
1.000000000000000000e+00 -9.999999999999999673e+98 9.177129004889890140e-01 4.688594786220838806e-01 9.535027800984905433e-01 6.183525024927833957e-01
1.000000000000000000e+00 -9.999999999999999673e+98 2.681749174671121949e-04 3.050667992444394683e-01 5.076933852016859428e-01 7.890126266040344838e-01
1.000000000000000000e+00 -9.999999999999999673e+98 3.507936670148273928e-01 6.189805786442069691e-01 2.063931814874492288e-01 8.933299180028800857e-01
1.000000000000000000e+00 -9.999999999999999673e+98 2.091220815010758072e-01 5.085301533830666187e-02 5.882132699293551870e-01 2.131205137115099735e-01
1.000000000000000000e+00 -9.999999999999999673e+98 1.860913156779986366e-01 3.550004047461097212e-02 8.263744289664660680e-01 6.773140897336091815e-01
1.000000000000000000e+00 -9.999999999999999673e+98 3.634173883973622621e-01 2.386997159015182834e-01 6.723940820350945424e-01 5.056847742202348339e-01
1.000000000000000000e+00 -9.999999999999999673e+98 1.638559131663345214e-01 1.950877208340249247e-01 6.023376215469679051e-01 2.617060535669990529e-02
1.000000000000000000e+00 -9.999999999999999673e+98 5.483041110505687543e-01 7.872100618330203359e-01 9.690436915446737354e-01 2.556368112763677258e-01
1.000000000000000000e+00 -9.999999999999999673e+98 7.643270634115210127e-01 3.174991011854816358e-01 8.927211899466617195e-01 6.935830811553135300e-01
1.000000000000000000e+00 -9.999999999999999673e+98 8.931393083382962450e-01 5.734653195498699008e-01 6.576841062902029078e-01 8.207478759407769164e-01
1.000000000000000000e+00 -9.999999999999999673e+98 1.603031640748819875e-03 9.703645702198556711e-01 5.010703285090298831e-01 4.788507277352785918e-01
1.000000000000000000e+00 -9.999999999999999673e+98 9.766525406794129838e-01 7.349475901436161029e-01 7.582167925507112827e-01 3.993693936651316889e-01
1.000000000000000000e+00 -9.999999999999999673e+98 8.189944966565918527e-01 1.661813416858115566e-03 9.757932607913226697e-01 7.097987000746260877e-01
1.000000000000000000e+00 -9.999999999999999673e+98 6.203105810402131937e-01 3.948712055762861883e-01 3.669160589886450996e-01 6.034194081154304889e-01
1.000000000000000000e+00 -9.999999999999999673e+98 4.120558354274519441e-01 6.450397620625415440e-01 1.344032987950384284e-01 3.726355112545793880e-01
1.000000000000000000e+00 -9.999999999999999673e+98 5.234612886965716028e-01 1.997520096534818324e-01 3.236106312046836964e-01 9.803502339876608573e-01
1.000000000000000000e+00 -9.999999999999999673e+98 5.966031808308983608e-01 1.159904305035988070e-01 1.641883893002580308e-01 2.231531816183596195e-02
1.000000000000000000e+00 -9.999999999999999673e+98 9.340041478602015834e-01 3.690596139268692566e-01 4.171007440910278197e-01 8.762233777701072812e-01
1.000000000000000000e+00 -9.999999999999999673e+98 2.519082377451709043e-01 6.720756290707442515e-01 3.774772141922382307e-01 9.785302044644242914e-01
1.000000000000000000e+00 -9.999999999999999673e+98 7.301185504345668598e-01 9.018370605413063013e-01 1.243510480271969865e-02 5.451024243403683744e-01
1.000000000000000000e+00 -9.999999999999999673e+98 5.847410226413072287e-01 8.786369474184332340e-01 3.660696832652514665e-01 1.321187105920841320e-01
1.000000000000000000e+00 -9.999999999999999673e+98 6.004105374364536729e-01 2.330155404055852530e-01 6.761534641015796154e-01 9.086873453132704448e-01
1.000000000000000000e+00 -9.999999999999999673e+98 4.731461270211702042e-01 3.458769168913811143e-01 8.492257493900361442e-01 6.968223157846867855e-01
1.000000000000000000e+00 -9.999999999999999673e+98 9.105789652556968150e-01 9.138036372728715051e-01 1.170605361106350495e-01 2.517998079036407599e-01
1.000000000000000000e+00 -9.999999999999999673e+98 7.164247499963277699e-01 1.531377235866600017e-01 2.021249535371890671e-01 8.250699095061164723e-02
1.000000000000000000e+00 -9.999999999999999673e+98 7.268482932262155805e-01 8.173127619191838944e-01 5.289411221541790997e-01 3.442608115668690516e-01
1.000000000000000000e+00 -9.999999999999999673e+98 8.646784536518556941e-01 5.636838057453585904e-02 2.115623905751262690e-03 3.804348965234922719e-01
1.000000000000000000e+00 -9.999999999999999673e+98 3.221067526158055694e-01 8.778443399693356408e-01 3.649902661803273718e-01 6.634717469052960892e-01
1.000000000000000000e+00 -9.999999999999999673e+98 9.606579726435062749e-01 4.402874269857643963e-01 2.236827594836099387e-01 5.559762072845563230e-01
1.000000000000000000e+00 -9.999999999999999673e+98 6.374244316181664205e-01 5.354654803548427600e-01 2.675990030884354276e-01 3.460095272908512154e-01
1.000000000000000000e+00 -9.999999999999999673e+98 3.798447739191996853e-01 6.529165212147347575e-01 3.446934283330460591e-01 1.132085748006929071e-01
1.000000000000000000e+00 -9.999999999999999673e+98 1.377375786543366676e-02 6.045690383628485876e-01 8.602630009795575461e-02 5.768279397179866264e-01
1.000000000000000000e+00 -9.999999999999999673e+98 6.813486996363571357e-01 4.831766886787736137e-01 8.891598075663968981e-01 5.792570065802232770e-01
1.000000000000000000e+00 -9.999999999999999673e+98 7.305235635581577291e-01 3.085958352932243187e-01 9.489560647766156487e-01 6.299525868654509697e-01
1.000000000000000000e+00 -9.999999999999999673e+98 5.081840701184975329e-01 4.773991306204802276e-01 5.302622714820477423e-01 7.510703642025990945e-01
1.000000000000000000e+00 -9.999999999999999673e+98 7.944622183628318179e-01 7.834485130298426414e-01 5.553089463380194157e-01 9.222323338554661021e-02
1.000000000000000000e+00 -9.999999999999999673e+98 7.431585499464652411e-01 2.194945369625446174e-01 2.792724825798651445e-01 9.245879326651441632e-01
1.000000000000000000e+00 -9.999999999999999673e+98 2.873176824684289254e-01 5.136484869520339114e-01 6.945546966998127347e-01 5.014681645058822745e-01
1.000000000000000000e+00 -9.999999999999999673e+98 2.859398812524674982e-01 3.541894552039275279e-01 7.973836980979875921e-02 7.383835162261436214e-01
1.000000000000000000e+00 -9.999999999999999673e+98 2.000272219607205360e-01 1.877368249904656228e-01 8.689440688173646343e-01 3.578371257317138898e-01
1.000000000000000000e+00 -9.999999999999999673e+98 8.627414798403283402e-01 7.974146990827751802e-01 5.829084298515206930e-01 8.168568536759664989e-01
1.000000000000000000e+00 -9.999999999999999673e+98 3.500857556501367762e-01 1.584436837853124835e-01 9.790591936921398952e-01 7.371082200061984668e-02
1.000000000000000000e+00 -9.999999999999999673e+98 4.283418512831848046e-01 9.757826545216602421e-01 1.739752940286903860e-01 6.397740207065041318e-01
1.000000000000000000e+00 -9.999999999999999673e+98 9.631840049684181615e-01 6.538741289863609918e-01 9.790741154604343244e-01 6.880915596158189151e-01
1.000000000000000000e+00 -9.999999999999999673e+98 4.063460266894625139e-01 8.393616640071609458e-01 5.193740867026933605e-01 2.426829707955990845e-02
1.000000000000000000e+00 -9.999999999999999673e+98 3.026884438602576166e-01 7.760696135460195544e-01 5.188828781392650358e-01 7.738410197238498878e-01
1.000000000000000000e+00 -9.999999999999999673e+98 5.297070723131119818e-01 2.827218833851641300e-01 9.316372146987432767e-01 8.468036960757380216e-01
1.000000000000000000e+00 -9.999999999999999673e+98 2.875864421917244673e-01 7.793097041870704622e-01 4.110197697113379123e-01 9.750403490785903848e-01
1.000000000000000000e+00 -9.999999999999999673e+98 8.958236504808678724e-01 4.725106441871201879e-01 8.199979147424555359e-01 2.342998450249615949e-01
1.000000000000000000e+00 -9.999999999999999673e+98 9.616690841710126003e-01 5.179339702203612505e-01 8.136349815668445506e-01 7.188883030683770325e-01
1.000000000000000000e+00 -9.999999999999999673e+98 5.126755236312058317e-01 1.480494984982929640e-01 7.818297481022856710e-01 5.273385616899245454e-01
1.000000000000000000e+00 -9.999999999999999673e+98 6.678556997081698254e-01 2.147715394859562865e-01 5.976148515954199381e-01 5.071973403489852261e-01
1.000000000000000000e+00 -9.999999999999999673e+98 2.025412657352831935e-02 1.726407903664606280e-01 4.926471406627879190e-01 3.132666646478488026e-01
1.000000000000000000e+00 -9.999999999999999673e+98 2.200431929220416638e-01 4.638980603568032546e-01 2.652812680603910955e-02 9.869172570039075332e-01
1.000000000000000000e+00 -9.999999999999999673e+98 9.848647459475751154e-01 2.183834772886917852e-01 5.476766742470798865e-01 8.090046863245755615e-01
1.000000000000000000e+00 -9.999999999999999673e+98 6.703010873130891278e-01 2.307947991543931598e-01 7.915383995072335921e-01 4.709490445053849950e-01
1.000000000000000000e+00 -9.999999999999999673e+98 7.618629923112849589e-01 3.514350264054391104e-01 5.980045157865792049e-01 9.130864495394800384e-01
1.000000000000000000e+00 -9.999999999999999673e+98 5.222557210864872124e-01 7.957881444783184710e-01 3.769219781898438537e-01 5.672436178617670244e-01
1.000000000000000000e+00 -9.999999999999999673e+98 6.788110951793953074e-01 1.416727341361331272e-01 9.476337214165186928e-03 1.246297081257896622e-02
1.000000000000000000e+00 -9.999999999999999673e+98 1.613135565619161493e-01 2.653514883674861213e-01 4.045460516558074815e-03 6.825482479618938392e-02
1.000000000000000000e+00 -9.999999999999999673e+98 4.809331121217468308e-01 9.492719061714505191e-01 1.258780547942190964e-01 8.953451552351321396e-01
1.000000000000000000e+00 -9.999999999999999673e+98 3.526020723344429619e-01 4.656451311490384937e-01 4.160267968395602312e-01 5.680437859736894302e-01
1.000000000000000000e+00 -9.999999999999999673e+98 2.598323898092382844e-01 1.515771115163434546e-01 9.164844542177693620e-01 9.412495061277473818e-01
1.000000000000000000e+00 -9.999999999999999673e+98 5.317067715080879831e-01 8.316375408997452867e-01 5.924706779761534925e-02 8.304496076071368194e-01
1.000000000000000000e+00 -9.999999999999999673e+98 3.024599213615949411e-01 3.815402232715741082e-01 6.217856123887879338e-01 4.392055369522986918e-01
1.000000000000000000e+00 -9.999999999999999673e+98 5.935687169759366055e-01 6.685547758968832799e-01 6.096068449637269682e-01 2.596405382830668795e-01
1.000000000000000000e+00 -9.999999999999999673e+98 4.836330662351583376e-01 4.097430682442720906e-01 7.257329832763862454e-01 6.835243076964788722e-01
1.000000000000000000e+00 -9.999999999999999673e+98 2.605280587771113820e-01 6.920430587115221632e-01 9.321091550433054929e-01 8.049469843001163527e-01
1.000000000000000000e+00 -9.999999999999999673e+98 3.329726591975120664e-01 7.528993532061789562e-01 3.863632532547234266e-01 4.068060481704111053e-01
1.000000000000000000e+00 -9.999999999999999673e+98 7.320321861125334006e-01 8.547274586922465334e-01 6.782044128486673928e-01 9.153495887501715833e-01
1.000000000000000000e+00 -9.999999999999999673e+98 3.601134045339459133e-01 6.458257794738343494e-01 2.790889749955031141e-01 7.660797651232312822e-01
1.000000000000000000e+00 -9.999999999999999673e+98 8.269232095199586796e-01 9.083941240124994154e-01 7.244637937657643079e-01 2.388638792579219627e-01
1.000000000000000000e+00 -9.999999999999999673e+98 8.813235283849041313e-01 9.613675301800796991e-01 8.707498869019946186e-01 5.180651975597411196e-01
1.000000000000000000e+00 -9.999999999999999673e+98 7.135566830525431614e-01 3.886865500341503132e-01 5.799604177597849075e-01 9.696765172285604084e-01
1.000000000000000000e+00 -9.999999999999999673e+98 1.887907378857575091e-01 8.148660018103757174e-01 9.831028895096952658e-01 3.080556998774208743e-02
1.000000000000000000e+00 -9.999999999999999673e+98 9.009796315771489983e-02 5.716063651642150356e-01 7.350762381409459145e-01 8.697278442732779835e-01
1.000000000000000000e+00 -9.999999999999999673e+98 1.275289068483980159e-01 6.336936835455490025e-01 9.613232296323616088e-01 8.228897024014278916e-01
1.000000000000000000e+00 -9.999999999999999673e+98 6.637723283861733936e-01 5.672529023615483501e-01 7.566915719517240957e-01 7.056988118613689576e-01
1.000000000000000000e+00 -9.999999999999999673e+98 8.229725537802021762e-01 3.132764491782001892e-01 7.569576800297338481e-01 2.912246459398668552e-01
1.000000000000000000e+00 -9.999999999999999673e+98 6.325661499756541906e-01 5.427807885497714091e-01 4.122172715481621230e-01 2.163992490238604294e-01
1.000000000000000000e+00 -9.999999999999999673e+98 8.135790563621148053e-02 3.599764926457305059e-01 1.783565783781303482e-01 3.311463909419776197e-01
1.000000000000000000e+00 -9.999999999999999673e+98 6.839459541406355259e-01 3.865991763811612580e-01 7.721223811041950658e-01 3.356940493997450092e-01
1.000000000000000000e+00 -9.999999999999999673e+98 3.147581147764694220e-01 4.289267894087557265e-01 6.901632801428225772e-01 9.171541047204921915e-01
1.000000000000000000e+00 -9.999999999999999673e+98 3.112431891315866617e-01 7.106053180539791958e-01 7.197121510304433922e-01 9.828632242578815292e-01
1.000000000000000000e+00 -9.999999999999999673e+98 7.402120750666189020e-01 4.719531589176814146e-01 6.154765840030940183e-03 8.860567250227000535e-01
1.000000000000000000e+00 -9.999999999999999673e+98 7.035204438214777145e-01 8.013502949825935806e-01 5.470499607796009967e-01 2.213738265341596012e-01
1.000000000000000000e+00 -9.999999999999999673e+98 9.690377544303082624e-01 7.763389119795970350e-01 8.630030243054199746e-01 6.097422620767546375e-01
1.000000000000000000e+00 -9.999999999999999673e+98 3.006840213986203825e-01 3.917422187930663657e-02 7.104822247485731435e-02 6.134856686462208941e-01
1.000000000000000000e+00 -9.999999999999999673e+98 3.339808349347294092e-01 6.201217768069481329e-01 8.827528057968624386e-01 3.297654765292767909e-01
1.000000000000000000e+00 -9.999999999999999673e+98 8.721428931564667586e-01 6.517526607509346315e-01 3.719215085789361330e-01 9.636198771047325140e-01
1.000000000000000000e+00 -9.999999999999999673e+98 7.207011918366282854e-01 2.774158937317783291e-02 3.588782116932882627e-01 2.762044412551937222e-01
1.000000000000000000e+00 -9.999999999999999673e+98 7.488658989783213427e-01 5.956882857131184927e-02 4.077103634957159883e-01 1.575064847538321100e-02
1.000000000000000000e+00 -9.999999999999999673e+98 9.809887360397533396e-01 8.534051222857982344e-01 7.624155090943954827e-01 9.179969614761400720e-01
1.000000000000000000e+00 -9.999999999999999673e+98 9.424209555456350973e-01 9.682321166737457574e-01 1.062574637696572788e-01 4.527027777130966379e-01
1.000000000000000000e+00 -9.999999999999999673e+98 3.007333524723810880e-01 9.259325093568495646e-01 1.410851703421417414e-01 7.465295068267110423e-01
1.000000000000000000e+00 -9.999999999999999673e+98 3.473275959542816427e-01 4.769509929443245255e-01 2.832820226816750164e-01 1.873897428030474321e-01
1.000000000000000000e+00 -9.999999999999999673e+98 8.366515711942995592e-01 1.055865467598664509e-01 5.482133539071277761e-01 4.862372286320360004e-02
1.000000000000000000e+00 -9.999999999999999673e+98 7.389254009842561866e-01 8.282982087731648457e-01 6.675294339256387932e-01 9.805715143791416954e-01
1.000000000000000000e+00 -9.999999999999999673e+98 2.556119716107163597e-01 3.615609382645232905e-01 3.970975516219272805e-01 7.713438281516113992e-01
1.000000000000000000e+00 -9.999999999999999673e+98 9.723563277610267619e-01 9.326975295500359309e-01 1.771178237406864087e-01 4.704010088832444314e-01
1.000000000000000000e+00 -9.999999999999999673e+98 9.185258633114875559e-01 6.839803919058821124e-01 3.783414562229087119e-01 2.212232619858458538e-01
1.000000000000000000e+00 -9.999999999999999673e+98 3.006390201174821142e-01 8.625831004632555921e-01 1.852010454597047273e-01 9.769700415700084406e-01
1.000000000000000000e+00 -9.999999999999999673e+98 5.665111580069583930e-01 8.540011835473599877e-01 6.107406183187304993e-01 6.951619884349521383e-01
1.000000000000000000e+00 -9.999999999999999673e+98 7.598840176243958355e-01 6.161412051048068550e-01 3.144490453064130442e-02 4.914148877063474474e-01
1.000000000000000000e+00 -9.999999999999999673e+98 8.368654716539416505e-01 9.200615372111501378e-01 3.065291397829793540e-01 6.225700307431465408e-01
1.000000000000000000e+00 -9.999999999999999673e+98 7.803615366321901003e-01 1.234278385716571780e-01 5.538234758274842573e-01 6.147092603629354945e-01
1.000000000000000000e+00 -9.999999999999999673e+98 6.577861247960256064e-01 8.036047591222897912e-01 6.782172506533181711e-01 9.547204794206807232e-01
1.000000000000000000e+00 -9.999999999999999673e+98 5.757172955959978244e-01 6.027945988874954253e-01 8.919646139431418597e-01 4.864402977623807356e-01
1.000000000000000000e+00 -9.999999999999999673e+98 1.775700683017706893e-01 6.019503011170923568e-02 5.980533398030423164e-01 9.569882354466194840e-01
1.000000000000000000e+00 -9.999999999999999673e+98 5.250404515042004228e-01 7.895583676414384966e-01 6.398111116214664218e-01 1.785065669129394239e-01
1.000000000000000000e+00 -9.999999999999999673e+98 6.055647254223650577e-01 2.849986153264727484e-02 6.636136218089589978e-01 1.148116901484815822e-01
1.000000000000000000e+00 -9.999999999999999673e+98 5.228997402737154410e-01 7.018740638582124935e-01 8.873919014514070058e-01 6.225646973748099056e-01
1.000000000000000000e+00 -9.999999999999999673e+98 5.235667780777442104e-04 2.002382262490375320e-01 3.976940883748818489e-01 5.307337565286278647e-01
1.000000000000000000e+00 -9.999999999999999673e+98 8.660797153556215600e-01 1.259098688127300303e-01 2.469446918897180154e-01 4.350873399134758124e-03
1.000000000000000000e+00 -9.999999999999999673e+98 3.243326115715705615e-02 7.116203776876502962e-01 7.107487273489278001e-01 7.379542560930718587e-01
1.000000000000000000e+00 -9.999999999999999673e+98 3.809739801401529347e-01 3.168791091527057846e-01 6.447451157002760391e-01 9.922784768833933233e-01
1.000000000000000000e+00 -9.999999999999999673e+98 5.523422757821050411e-02 1.774893712080125585e-01 6.289081955641101507e-01 6.107973291646451308e-02
1.000000000000000000e+00 -9.999999999999999673e+98 8.340286900439508599e-01 9.646770606593861874e-01 8.064776193587901432e-01 3.160887172530149059e-01
1.000000000000000000e+00 -9.999999999999999673e+98 2.674225541965269404e-02 6.027201218897513257e-01 8.713099745239657468e-01 2.297797072974658850e-01
1.000000000000000000e+00 -9.999999999999999673e+98 1.262820383111818989e-01 8.791727019573495339e-01 3.850706475388099292e-02 5.905140887871729305e-01
1.000000000000000000e+00 -9.999999999999999673e+98 6.290190796382200134e-01 5.327183481661211806e-01 6.852959159816611745e-01 9.824228290745320447e-01
1.000000000000000000e+00 -9.999999999999999673e+98 8.658347250402783635e-01 2.200473795514475972e-01 2.475287478604728530e-01 7.537356010623253999e-01
1.000000000000000000e+00 -9.999999999999999673e+98 7.889186287450931090e-01 7.255298185780412190e-03 8.143972404331688564e-01 2.831739469500471618e-01
1.000000000000000000e+00 -9.999999999999999673e+98 2.434521760667850421e-01 6.117996693791396545e-01 3.025130534378543956e-01 3.097539849396040434e-01
1.000000000000000000e+00 -9.999999999999999673e+98 4.621417037277760764e-01 7.039402110938667301e-01 1.577600571934588691e-01 2.022993634727469070e-01
1.000000000000000000e+00 -9.999999999999999673e+98 1.079828428743471180e-01 7.747637547558705595e-02 6.069183887339575367e-01 8.721968232955679134e-03
1.000000000000000000e+00 -9.999999999999999673e+98 6.959845262877253358e-01 9.434072684109984230e-01 5.338063697379891170e-02 7.395271002907821689e-03
1.000000000000000000e+00 -9.999999999999999673e+98 5.672628058714743737e-01 2.984291264404930200e-01 1.587194460989632683e-01 1.937957273233196220e-01
1.000000000000000000e+00 -9.999999999999999673e+98 1.657013883360692885e-01 7.454298024529832922e-01 4.189944962783983540e-01 6.099483242517655945e-02
1.000000000000000000e+00 -9.999999999999999673e+98 2.922196706360726814e-01 7.554987733984281917e-01 8.901281109960650362e-01 1.465067608399976962e-01
1.000000000000000000e+00 -9.999999999999999673e+98 7.868552841153557686e-01 9.269731619535767075e-01 2.301184967749418941e-01 5.536066386425525510e-01
1.000000000000000000e+00 -9.999999999999999673e+98 3.014148424003936233e-01 7.456805769074018597e-01 8.238309226981248568e-01 8.790970950349941138e-01
1.000000000000000000e+00 -9.999999999999999673e+98 9.624705906344500628e-01 1.984727234586810551e-01 9.389198987061919688e-01 6.450813963137008722e-01
1.000000000000000000e+00 -9.999999999999999673e+98 3.303303815444276204e-01 1.401932893725235107e-01 5.690258975803674790e-01 7.379502290018167265e-01
1.000000000000000000e+00 -9.999999999999999673e+98 4.278808288392893511e-01 5.426610198691115272e-01 7.751804159825145257e-01 2.322613826326097586e-01
1.000000000000000000e+00 -9.999999999999999673e+98 7.234783072431946183e-01 4.167857003671480154e-01 1.592206686787063230e-01 6.019170410174009556e-01
1.000000000000000000e+00 -9.999999999999999673e+98 6.708712273719740216e-01 8.854081203915392662e-01 5.723158642733957580e-01 8.482767215496056501e-01
1.000000000000000000e+00 -9.999999999999999673e+98 1.821028254270767865e-01 1.421679778971919328e-01 9.808318367468703558e-01 5.351094190662368799e-01
1.000000000000000000e+00 -9.999999999999999673e+98 1.949032312744856110e-01 4.248465662454060654e-01 4.992811448423121190e-01 2.170202260433184982e-02
1.000000000000000000e+00 -9.999999999999999673e+98 9.312913567056755326e-01 5.265742206717903828e-01 3.376665501291463700e-01 7.973336524253293867e-01
1.000000000000000000e+00 -9.999999999999999673e+98 1.395434682340973565e-01 5.289817587909622087e-01 1.118887452985034558e-01 4.935200606044065630e-02
1.000000000000000000e+00 -9.999999999999999673e+98 3.782926832375893555e-01 3.804978778834267050e-02 2.301298455784174246e-01 9.913741084459459785e-02
1.000000000000000000e+00 -9.999999999999999673e+98 1.721532599706754318e-01 2.531605170011979045e-01 1.661996968149215270e-01 8.558309113069691998e-01
1.000000000000000000e+00 -9.999999999999999673e+98 5.807160000609943307e-01 5.522733850636012409e-01 6.843270309607648594e-01 6.412424836402702555e-01
1.000000000000000000e+00 -9.999999999999999673e+98 9.356147350836416798e-01 4.634079611829956535e-01 9.874213908351349156e-01 7.025858221224179356e-02
1.000000000000000000e+00 -9.999999999999999673e+98 6.721583446622303448e-01 3.977765327132497530e-01 4.726086929983563945e-01 7.733406908958821990e-01
1.000000000000000000e+00 -9.999999999999999673e+98 7.611618758010463281e-01 6.626536789482752043e-01 1.272999825081255754e-01 8.429546420601459200e-01
1.000000000000000000e+00 -9.999999999999999673e+98 8.162882279944841946e-01 5.793792509951249947e-01 6.291704050001872828e-01 7.935931911001674610e-01
1.000000000000000000e+00 -9.999999999999999673e+98 8.911635350326432281e-01 1.201617925790695596e-01 8.285859758085249993e-01 4.278464992243856679e-01
1.000000000000000000e+00 -9.999999999999999673e+98 4.896375298182474856e-01 8.877909520281008771e-01 6.177217614841501447e-02 5.383478314483619576e-01
1.000000000000000000e+00 -9.999999999999999673e+98 7.924381505418232052e-01 9.429259577097649503e-01 4.832900092032728079e-01 5.750806652972848543e-01
1.000000000000000000e+00 -9.999999999999999673e+98 7.148592603402365020e-01 6.121975796470287001e-01 6.547171057587228837e-01 7.521610959620180781e-01
1.000000000000000000e+00 -9.999999999999999673e+98 1.947149779575219064e-01 1.526281528354767048e-02 7.232277058635572242e-01 5.500694814505514563e-01
1.000000000000000000e+00 -9.999999999999999673e+98 9.319927324538357372e-01 4.340038566878697823e-01 9.172339300072736012e-01 8.483267651574742940e-01
1.000000000000000000e+00 -9.999999999999999673e+98 1.744202692877797611e-01 9.531084035338939220e-01 3.589181875000474475e-01 9.360737567873765874e-01
1.000000000000000000e+00 -9.999999999999999673e+98 2.821584651681897649e-01 4.418717108625125345e-02 1.527426754788230312e-01 6.874098386471336752e-01
1.000000000000000000e+00 -9.999999999999999673e+98 5.280305347353334566e-01 6.769146634562066556e-01 3.801559274647478004e-01 8.411085929459545252e-01
1.000000000000000000e+00 -9.999999999999999673e+98 7.090866576633551022e-01 2.203923795266661267e-01 6.861882038907588521e-01 3.867421125548351490e-01
1.000000000000000000e+00 -9.999999999999999673e+98 2.953552612476584294e-01 8.972118274977632923e-01 7.693512285372261506e-02 3.488394693730890728e-01
1.000000000000000000e+00 -9.999999999999999673e+98 7.580255993333072650e-01 8.484708434256685861e-01 4.049586457393573591e-01 1.836794556622221020e-01
1.000000000000000000e+00 -9.999999999999999673e+98 5.832374342172335080e-01 7.280345795395573028e-01 4.739726678847426822e-01 5.185260948798431357e-01
1.000000000000000000e+00 -9.999999999999999673e+98 8.799539851579054606e-01 5.247401146482173484e-01 3.427307010093501027e-01 6.592529638517378165e-01
1.000000000000000000e+00 -9.999999999999999673e+98 6.192562342528765695e-01 9.322059697482619756e-01 1.688407907446229927e-01 9.642190961256652537e-01
1.000000000000000000e+00 -9.999999999999999673e+98 5.792346358373821058e-01 6.317748939814540332e-01 7.956659813319636454e-01 8.135568441675314899e-01
1.000000000000000000e+00 -9.999999999999999673e+98 9.754225929508479886e-01 9.020278113277546694e-01 8.951952529467970265e-01 5.540475937243649618e-02
1.000000000000000000e+00 -9.999999999999999673e+98 5.319200375331412101e-01 4.466442403042892861e-01 6.453706838327210038e-01 5.832040334547097249e-01
