C sigma mu1 a1 W lam0
1.817863446766339734e+02 2.530258187040860918e+00 1.210739365514242081e+03 3.109030330370935644e+02 1.710266156625436018e+00 1.210739365514242081e+03
2.289911643109663260e+02 2.563988533429142347e+00 1.212767098734986803e+03 2.662095196454021107e+02 1.162531840241197489e+00 1.212767098734986803e+03
1.559365892630172823e+02 2.156665296441405699e-01 1.212385289915425801e+03 8.204262139589415881e+01 5.261280997849284713e-01 1.212385289915425801e+03
2.755964424342554935e+02 1.932966748470924312e+00 1.217959723402180771e+03 3.474947897859253203e+02 1.260882712115637849e+00 1.217959723402180771e+03
2.354259214586366227e+02 2.187020516362307543e+00 1.217586127075225022e+03 3.627570130041037544e+01 1.540854170843029558e-01 1.217586127075225022e+03
2.031051217143452163e+02 6.222776915500336514e-01 1.212310454532339918e+03 2.174668362715418652e+02 1.070710745430612620e+00 1.212310454532339918e+03
1.460740186631274469e+02 2.503944135390248071e+00 1.213655609586767468e+03 2.961649009905546848e+01 2.027498823548925522e-01 1.213655609586767468e+03
1.786814766445090470e+02 1.223750590881455658e+00 1.218375383473952979e+03 1.009662495426961755e+02 5.650627666547153316e-01 1.218375383473952979e+03
2.531768450297752793e+02 2.201563242222073669e+00 1.215429581664489433e+03 3.343939543853996383e+02 1.320792011394535947e+00 1.215429581664489433e+03
1.849537175270564830e+02 1.582830185034270476e-01 1.218136063593235349e+03 1.568956250647035588e+01 8.482966828809571092e-02 1.218136063593235349e+03
1.210751976037363420e+02 1.628056506486911026e+00 1.215349135523475070e+03 2.949332522572834137e+01 2.435951029562324344e-01 1.215349135523475070e+03
1.492801669541384797e+02 1.230550662193206524e+00 1.214119841155860513e+03 1.542358503850395266e+02 1.033197199145841738e+00 1.214119841155860513e+03
2.385779320956576726e+02 2.341283049910877434e+00 1.218296553638950172e+03 3.379562412700238951e+02 1.416544431840077056e+00 1.218296553638950172e+03
1.731015963426979738e+02 1.042460749093016892e+00 1.210756226686478158e+03 3.168533986424006343e+02 1.830447583020031521e+00 1.210756226686478158e+03
2.143676547431635413e+02 3.919422749685357310e-01 1.218621666523011527e+03 2.470038188153143892e+02 1.152243882647560058e+00 1.218621666523011754e+03
2.166335140410103008e+02 2.633374614235793221e+00 1.217533815486194499e+03 8.334717816178734040e+01 3.847381534235239098e-01 1.217533815486194499e+03
2.309756306143769962e+02 1.538377231359135067e+00 1.213745634829466326e+03 3.172296514933642584e+02 1.373433425204028557e+00 1.213745634829466326e+03
2.701418282642399049e+02 6.174961531849536556e-01 1.216750528298415929e+03 4.981622543621413257e+01 1.844076711714791039e-01 1.216750528298415929e+03
1.512350834675702345e+02 2.856482635536305437e-01 1.218152795225955060e+03 3.466233836042086978e+02 2.291950886373108620e+00 1.218152795225955060e+03
1.410839575586611261e+02 1.263604427267113750e-01 1.218416354892914796e+03 1.102416900794951289e+02 7.813906838674968824e-01 1.218416354892914796e+03
1.757951585300079955e+02 2.293100943841281936e+00 1.216825925458754227e+03 1.671140332921408174e+02 9.506179504005776160e-01 1.216825925458754227e+03
1.747584759322027139e+02 2.339658670189523004e+00 1.211201473937927176e+03 2.276559693897307000e+02 1.302689143833283936e+00 1.211201473937927176e+03
2.185992329236327691e+02 5.610978328342017818e-01 1.213647467661357723e+03 6.338864127623536149e+01 2.899765037070375362e-01 1.213647467661357723e+03
1.765877756754232450e+02 2.037160999581214771e+00 1.216230951649318058e+03 2.722053083732877212e+02 1.541473113482181523e+00 1.216230951649318058e+03
1.021966761173540732e+02 7.438259726522632453e-01 1.211282468555349851e+03 1.244215348092047719e+02 1.217471443653701080e+00 1.211282468555349851e+03
1.532507715189743465e+02 2.622630845823120449e+00 1.212493133142263332e+03 1.772756915952827228e+02 1.156768672928565334e+00 1.212493133142263332e+03
1.445520676157189257e+02 1.961891878226646790e+00 1.217661671293907602e+03 3.623123060970756342e+02 2.506448451918767084e+00 1.217661671293907602e+03
1.301087982233572120e+02 5.412687850878681317e-01 1.216615840471387855e+03 6.692700455471887722e+01 5.143926119417810972e-01 1.216615840471387855e+03
2.827767035210019344e+02 1.371660194680989209e+00 1.219397821102888884e+03 3.993438787477372216e+02 1.412223403750365147e+00 1.219397821102888884e+03
1.040581656493990721e+02 3.535355135813459393e-01 1.211357679399078052e+03 3.906662172999182872e+02 3.754306208089248198e+00 1.211357679399078052e+03
1.590598672499806412e+02 3.434338753028429725e-01 1.216109974625337827e+03 2.371736866178109153e+02 1.491096973223707822e+00 1.216109974625337827e+03
1.264768637842977483e+02 2.223226849893109147e+00 1.213804053993798561e+03 3.001837721293049412e+02 2.373428334222919656e+00 1.213804053993798561e+03
2.100190275433808154e+02 2.358020709148290539e+00 1.216470686431739750e+03 5.021565076938792060e+01 2.391004822599492596e-01 1.216470686431739750e+03
1.317971640836873917e+02 1.482047329742521846e+00 1.218664320859731333e+03 2.516972582489878221e+02 1.909731973361485480e+00 1.218664320859731333e+03
1.415702953236519193e+02 1.306744926103732274e+00 1.214021640490886739e+03 3.446075934281335549e+02 2.434180084461266880e+00 1.214021640490886739e+03
2.631073335986633310e+02 7.100356817400109710e-01 1.217334875684960480e+03 1.029476031478699980e+02 3.912760687427414563e-01 1.217334875684960480e+03
1.317820294840108488e+02 1.585234117702676082e+00 1.218895433628426645e+03 1.638600912835382246e+02 1.243417573132908904e+00 1.218895433628426645e+03
2.294057986702181893e+02 9.046006885345525550e-01 1.213266885394163182e+03 9.842669577825473937e+01 4.290506009385918751e-01 1.213266885394163182e+03
2.421005964121055740e+02 8.043965147800686832e-01 1.213805421376058575e+03 1.871437236862444706e+02 7.729998457652987875e-01 1.213805421376058575e+03
2.191937588661460268e+02 6.798371417165787189e-01 1.212456044937859133e+03 3.584824072965927826e+02 1.635459007368478268e+00 1.212456044937859133e+03
1.485897651310610286e+02 4.884273406327145350e-01 1.210612440175967777e+03 2.700696089598579874e+01 1.817551893440626787e-01 1.210612440175967777e+03
2.993376718382462514e+02 2.825367705241896399e+00 1.210684932122247119e+03 8.651548601068581945e+01 2.890230470471367163e-01 1.210684932122247119e+03
2.668251373125558530e+02 1.862785278887246765e+00 1.210196516806171530e+03 2.280837699476223435e+01 8.548061559898971484e-02 1.210196516806171530e+03
2.669191303875267067e+02 1.683959513392983887e+00 1.213070544851379509e+03 1.942658012985087339e+02 7.278077109589852212e-01 1.213070544851379509e+03
2.443445723039001791e+02 1.304917450849532867e-01 1.216500725186035424e+03 1.053108458386632549e+02 4.309931865713159671e-01 1.216500725186035424e+03
2.059569884992113771e+02 2.312215418392963850e-01 1.215620742757597100e+03 1.639914484545027733e+02 7.962412426472759153e-01 1.215620742757597100e+03
1.493651657480951371e+02 7.593868302897887057e-01 1.210253337064905281e+03 3.282531952168235989e+02 2.197655615168156107e+00 1.210253337064905281e+03
2.962714525932231027e+02 4.096834705427101486e-01 1.219487307964018100e+03 2.656110466534350394e+02 8.965124527813200794e-01 1.219487307964018100e+03
2.730118871807638925e+02 6.225063558948141784e-01 1.213978531033229274e+03 1.841111707835627271e+02 6.743705290079947678e-01 1.213978531033229274e+03
2.985063562615478077e+02 2.189254933583329787e+00 1.212233370672854562e+03 6.194888734904671423e+01 2.075295418324955843e-01 1.212233370672854562e+03
1.197854990046658230e+02 1.407146443265930635e+00 1.218313716892287630e+03 3.115387306106788969e+02 2.600805049019698334e+00 1.218313716892287630e+03
1.425508765959251605e+02 1.130546590586793743e+00 1.212852606633325649e+03 1.642142151087550133e+02 1.151969170798133879e+00 1.212852606633325649e+03
1.592935038227311111e+02 3.782416716047700689e-01 1.213058298007347275e+03 9.829709265245978145e+01 6.170816153422624684e-01 1.213058298007347275e+03
1.459136375734772741e+02 2.389195885059679281e+00 1.214298305872064020e+03 6.078491660538891495e+01 4.165814629546168435e-01 1.214298305872064020e+03
1.904528695144484800e+02 8.045069011356329458e-01 1.213728541918963174e+03 3.255138328466477446e+02 1.709156883151886630e+00 1.213728541918963174e+03
2.676629630059767351e+02 2.455572956295705822e+00 1.219605976339852759e+03 1.128536843851087212e+02 4.216260745144212452e-01 1.219605976339852759e+03
1.526035629670678588e+02 2.699214549008823738e-01 1.218287684413667421e+03 2.627917680706848387e+02 1.722055258483026430e+00 1.218287684413667421e+03
1.851469310142372251e+02 2.877892478764281670e+00 1.217964751471001819e+03 3.079233021752177706e+02 1.663129388580248280e+00 1.217964751471001819e+03
1.078517935374138119e+02 2.058579327406619974e+00 1.215360705715285349e+03 1.824227323070323905e+02 1.691420479194441162e+00 1.215360705715285349e+03
1.255600234725721833e+02 1.132115868317100427e+00 1.213170179934716089e+03 3.632388854334899406e+02 2.892950123674014939e+00 1.213170179934716089e+03
1.665558179435407737e+02 2.420755794978382003e+00 1.211651343907216187e+03 6.324852879196946986e+01 3.797437374022533674e-01 1.211651343907216187e+03
2.907579758315018807e+02 1.601153350608463422e+00 1.213417326327793262e+03 2.919192078754146564e+02 1.003993809767700807e+00 1.213417326327793262e+03
2.379554993556836848e+02 1.012850335941148261e+00 1.213522844461582054e+03 2.725983811213188446e+01 1.145585547967743201e-01 1.213522844461582054e+03
2.137966755541079920e+02 4.781058726568552242e-01 1.216399626575116372e+03 2.280539824843093015e+02 1.066686289172878332e+00 1.216399626575116372e+03
2.729349455214617706e+02 4.100739679594855858e-01 1.215770971738006892e+03 3.756855608371110407e+02 1.376465590067028177e+00 1.215770971738006892e+03
2.627661114162954732e+02 2.755919081864223852e+00 1.218947995379315216e+03 2.592251928821468709e+02 9.865244474827319365e-01 1.218947995379315216e+03
2.094227348150852208e+02 4.352872599084286476e-01 1.219700615518625455e+03 1.011883925399640134e+02 4.831776866504522983e-01 1.219700615518625455e+03
2.165899320678385891e+02 7.176779596480451495e-01 1.215084939688225631e+03 2.115505308691897426e+02 9.767329849982572254e-01 1.215084939688225631e+03
2.773882480742299776e+02 2.096003430485478436e+00 1.214954008993280013e+03 2.946551788654819006e+02 1.062248241989802056e+00 1.214954008993280013e+03
1.608531708783011425e+02 9.954130513920506074e-01 1.215992409005975105e+03 3.036793723613816951e+02 1.887929039279806931e+00 1.215992409005975105e+03
2.201759088027287987e+02 1.785455829391792815e+00 1.215701271059939927e+03 1.779616157375072873e+02 8.082701541018990632e-01 1.215701271059939927e+03
1.584523355760353809e+02 1.468128776906689748e+00 1.216218369456161327e+03 1.861281140073077438e+02 1.174663114498503580e+00 1.216218369456161327e+03
1.103095812543986085e+02 1.125415962063057718e+00 1.212393169900321027e+03 3.540863711755117151e+02 3.209933055215840270e+00 1.212393169900321027e+03
1.686682292927324056e+02 1.271409532723976887e-01 1.214735837743163529e+03 1.592500630042791840e+02 9.441615867555738228e-01 1.214735837743163529e+03
2.282939587736586589e+02 2.178816998213447764e+00 1.219673256354303476e+03 3.819237670578280017e+02 1.672947322432150496e+00 1.219673256354303476e+03
1.580228996837497277e+02 2.657269083040759705e-01 1.210393008743662676e+03 3.599806835877352569e+02 2.278028591477326614e+00 1.210393008743662676e+03
2.030971076508101305e+02 1.082176772330936787e+00 1.217602684648825061e+03 2.763803332177316747e+02 1.360828504229214309e+00 1.217602684648825061e+03
1.928244913038514028e+02 1.589080299631837612e+00 1.213333965516735589e+03 1.206490378052177590e+02 6.256935360721367356e-01 1.213333965516735589e+03
1.756941392034974854e+02 1.816781107692326147e+00 1.219948731623162530e+03 2.643600044992324456e+02 1.504660347224433314e+00 1.219948731623162530e+03
1.676387465915250345e+02 3.782898935558941522e-01 1.216274116226305068e+03 2.663677490969449764e+02 1.588939040125292745e+00 1.216274116226305068e+03
2.197982554472106358e+02 1.090143805147656186e+00 1.214143496704515428e+03 2.501669820290309474e+02 1.138166367699465331e+00 1.214143496704515428e+03
2.494484538814764392e+02 1.761819985655544096e+00 1.214767443680705355e+03 1.455048718987683856e+02 5.833063690501122389e-01 1.214767443680705355e+03
1.540333273863115267e+02 6.516704780566991984e-01 1.210084847756100771e+03 2.282405370928688058e+02 1.481760739482355982e+00 1.210084847756100999e+03
1.764342800708301411e+02 2.609601105953871514e+00 1.211942964490677923e+03 3.470628754452276610e+01 1.967094349838920675e-01 1.211942964490677923e+03
2.635184990844554704e+02 6.490307913023120046e-01 1.216799166000689183e+03 7.510358132938765863e-01 2.850030703359371972e-03 1.216799166000689183e+03
2.122380060688041681e+02 1.854492105906409449e+00 1.213584262986700878e+03 9.522871971280690673e+01 4.486883451116445154e-01 1.213584262986700878e+03
1.861342700938366761e+02 2.549911109045627455e+00 1.215850071674902210e+03 1.552381960419411122e+01 8.340118988495788532e-02 1.215850071674902210e+03
2.917586309721522753e+02 1.063384004186070930e+00 1.219684774878061035e+03 3.547780030827989890e+02 1.215998313059886149e+00 1.219684774878061035e+03
1.762586951454663335e+02 1.725289877957844720e+00 1.217326360324722145e+03 1.840680502738209725e+02 1.044306212081676843e+00 1.217326360324722145e+03
1.606474703183446877e+02 1.333845211904023942e-01 1.219733338274955031e+03 2.224715425196705496e+02 1.384843110687103307e+00 1.219733338274955031e+03
1.325511951922406979e+02 5.361551778417253944e-01 1.218378863013410864e+03 4.388286940230958777e+01 3.310635512464878416e-01 1.218378863013410864e+03
2.727004706745890985e+02 1.714840999248351538e+00 1.210673775389234606e+03 1.131183384342562732e+02 4.148080058477028320e-01 1.210673775389234379e+03
2.921581828632466795e+02 7.382653194435291333e-01 1.217009546110907877e+03 2.922573637880572051e+02 1.000339476799309679e+00 1.217009546110907877e+03
2.661475588919043958e+02 1.998905765912306842e+00 1.216084728063493685e+03 3.716818013685112305e+02 1.396525306923703358e+00 1.216084728063493685e+03
1.498548687217272004e+02 2.268475779781572221e+00 1.211479808896311397e+03 6.738686701699067783e+01 4.496808651717858485e-01 1.211479808896311397e+03
1.168001086623382889e+02 1.538601943660766525e+00 1.213325223873196137e+03 2.468256049599200423e+02 2.113230953178967031e+00 1.213325223873196137e+03
1.478556989468881966e+02 1.836490141756112748e-01 1.217560770468775900e+03 3.238949471943729463e+02 2.190615238379959084e+00 1.217560770468775900e+03
2.195883747306447731e+02 1.520001470163256041e+00 1.215586699761437785e+03 1.960371427893133784e+02 8.927482751752218171e-01 1.215586699761437785e+03
1.291486203926162659e+02 2.013134584951447703e+00 1.217619669101537056e+03 2.954175890335825443e+02 2.287423498102441055e+00 1.217619669101537056e+03
1.653272599083982755e+02 8.390825375596834279e-01 1.213270516071152770e+03 1.592910271773036754e+02 9.634891866323856968e-01 1.213270516071152770e+03
1.992990724737729238e+02 1.338718013143016972e+00 1.214612895714649312e+03 8.082349331790345559e+01 4.055387328936995162e-01 1.214612895714649312e+03
1.133989708129158487e+02 1.809741629875808222e+00 1.216250136451569006e+03 3.251728503085592479e+02 2.867511477198723568e+00 1.216250136451569006e+03
2.423497586830322916e+02 1.433764266900753315e+00 1.211618947986944477e+03 3.846210050628797603e+02 1.587049259520506128e+00 1.211618947986944477e+03
1.347645908747107626e+02 2.020912526265014275e+00 1.219824802010628900e+03 2.931587159460036105e+02 2.175339338347045626e+00 1.219824802010628900e+03
2.228316461943306024e+02 1.275826065785327756e+00 1.210957814961566783e+03 2.830362528845237762e+02 1.270179786930663246e+00 1.210957814961566783e+03
1.467088951488636042e+02 1.272017086375948569e+00 1.211125263284084667e+03 2.440782134331684858e+02 1.663690624794805339e+00 1.211125263284084667e+03
1.764871410295217515e+02 3.809700388949130989e-01 1.213239734040351550e+03 1.655955570580401570e+02 9.382868128071737424e-01 1.213239734040351550e+03
2.931208890370467088e+02 1.273075460949065096e+00 1.216659028451201948e+03 9.982451392315981309e+01 3.405574889292290464e-01 1.216659028451201948e+03
1.443275993379187128e+02 5.452685955021558950e-01 1.216338443311272158e+03 1.554097896510957071e+02 1.076784969500046429e+00 1.216338443311272158e+03
2.266194168291386006e+02 2.355506844696262814e+00 1.219758862067469863e+03 9.747769513689807752e+01 4.301383195703487039e-01 1.219758862067469863e+03
1.420495267617554305e+02 1.450208282984243979e+00 1.219256897974263893e+03 1.597387502014455549e+02 1.124528562980420032e+00 1.219256897974263893e+03
1.596925105232166402e+02 2.650259574829267328e-01 1.216651201950673340e+03 5.609754385824587786e+01 3.512847513915828279e-01 1.216651201950673340e+03
1.353844286520707101e+02 2.240722796983576348e-01 1.219298207410625082e+03 2.817675414703293413e+01 2.081240392825779439e-01 1.219298207410625082e+03
1.335206745575029856e+02 3.788835528796872243e-01 1.212055428428300502e+03 2.622110095693876133e+02 1.963823283835058220e+00 1.212055428428300502e+03
1.894960290025819631e+02 1.100353628449104004e+00 1.217615226710241132e+03 2.040107653895502153e+02 1.076596520060958628e+00 1.217615226710241132e+03
1.879151419151168056e+02 1.181100301221224225e+00 1.218645124732920976e+03 1.498155177952465920e+02 7.972509094712537658e-01 1.218645124732920976e+03
1.906167925781299459e+02 2.408966467369487496e+00 1.215526515436080672e+03 3.081704300729058446e+02 1.616701371924475383e+00 1.215526515436080672e+03
2.834255744334652718e+02 1.466034075676458048e+00 1.219482280316750575e+03 3.611719294143313874e+01 1.274309596571417402e-01 1.219482280316750575e+03
1.243709520179845356e+02 1.370790155709843638e+00 1.214236232473542714e+03 2.490672243735116922e+02 2.002615726037825894e+00 1.214236232473542714e+03
1.663118432001143105e+02 1.357469968857605735e+00 1.214798636664425885e+03 2.311243826241450847e+02 1.389704895195258194e+00 1.214798636664425885e+03
1.381701389969354352e+02 1.628277587359704848e+00 1.212243141358245111e+03 2.223293556990561228e+02 1.609098444230321778e+00 1.212243141358245111e+03
1.549382824741222748e+02 7.786568074048472177e-01 1.215523803708383412e+03 2.762573641763800651e+02 1.783015532152426141e+00 1.215523803708383412e+03
1.098332517116472644e+02 2.889877167312881134e+00 1.218510277019536943e+03 1.261398347183455542e+02 1.148466723442815640e+00 1.218510277019536943e+03
2.142852274438945699e+02 1.963519815892484033e+00 1.213333088717729424e+03 3.624077603064253594e+02 1.691240057139790975e+00 1.213333088717729424e+03
2.794415584578927678e+02 2.237505177292166691e-01 1.218822918767036072e+03 1.852110319122963347e+02 6.627898618029092193e-01 1.218822918767036072e+03
2.383213956049191324e+02 7.933551506032644474e-01 1.210016371819419646e+03 1.221398374348986238e+02 5.125005126999917504e-01 1.210016371819419646e+03
2.993871815532276059e+02 1.291176653772827976e+00 1.213598581712123178e+03 6.971314193434477602e+01 2.328527947411488663e-01 1.213598581712123178e+03
2.151365304163273322e+02 4.952632938401534402e-01 1.214197371735097931e+03 1.362344747711781281e+02 6.332465923269295915e-01 1.214197371735097931e+03
2.929021525838282969e+02 1.526212847640820769e+00 1.210439488686333107e+03 3.117253963422093648e+02 1.064264613941319215e+00 1.210439488686333107e+03
2.486189206376160143e+02 1.767136019448431350e+00 1.217692208876894938e+03 2.717083620815136555e+02 1.092870813631889870e+00 1.217692208876894938e+03
2.251566008455193639e+02 1.449018837067540089e+00 1.214140695209890964e+03 1.480684957657999803e+02 6.576244942842702779e-01 1.214140695209890964e+03
1.599518487254877641e+02 2.486803373663621475e+00 1.210614301024521183e+03 3.916302587240936646e+02 2.448425959716267641e+00 1.210614301024521183e+03
1.763340081066430685e+02 4.917317604363211636e-01 1.212879043830892442e+03 1.178001287469823097e+02 6.680511037651868378e-01 1.212879043830892442e+03
1.093130736690901301e+02 2.574333017270104662e+00 1.211905420868120245e+03 3.569325790848752149e+02 3.265232301173533802e+00 1.211905420868120245e+03
1.644326225779825563e+02 2.748067248635359228e+00 1.218864546616412326e+03 1.592247411988759609e+02 9.683281741940426013e-01 1.218864546616412326e+03
2.655402331988684637e+02 1.696551829935472711e+00 1.216214690639799983e+03 1.035523448467343677e+01 3.899685693549192339e-02 1.216214690639799983e+03
1.424778478423400543e+02 1.832101536102738404e+00 1.211068043253257883e+03 1.032773140282797044e+02 7.248657639927436058e-01 1.211068043253257883e+03
1.138573017405765029e+02 2.365113231654870862e+00 1.217785448678367175e+03 9.015210742269186284e+00 7.917990857371901003e-02 1.217785448678367175e+03
2.856404110701085983e+02 1.094325103011615091e-01 1.212328010304730242e+03 1.761635152046257815e+02 6.167317661554113650e-01 1.212328010304730242e+03
1.790234092887594102e+02 1.509243460323747898e+00 1.211307562138323874e+03 2.430125573244997952e+02 1.357434529316374539e+00 1.211307562138323874e+03
2.894009317436444917e+02 2.657162838585386933e+00 1.212197226845633168e+03 6.912367056283703448e+01 2.388508915516131537e-01 1.212197226845633168e+03
2.485191621735353351e+02 2.310180896310008336e+00 1.219072778557570473e+03 1.698411809897189073e+02 6.834128181678105207e-01 1.219072778557570473e+03
2.966199609688349028e+02 1.341540462690759550e-01 1.217349805087205596e+03 1.501328567430415433e+02 5.061454942299571380e-01 1.217349805087205596e+03
2.280608268902262523e+02 2.374335626218617157e-01 1.217270240698576345e+03 1.041482251623964572e+02 4.566686290781831192e-01 1.217270240698576345e+03
2.473872399037751393e+02 2.209921395282096412e+00 1.219564925987544939e+03 1.591553935277353560e+02 6.433452007857849431e-01 1.219564925987544939e+03
1.955650020613489062e+02 2.972379778734982825e+00 1.214521846807424936e+03 2.916430942929487173e+02 1.491284694188073745e+00 1.214521846807424936e+03
2.119000857345014879e+02 1.522258490465234759e+00 1.217645197186487394e+03 4.080445593412740379e+01 1.925646032312276490e-01 1.217645197186487394e+03
1.172395503580324316e+02 6.461660217231082193e-01 1.218288467634621611e+03 3.479572155554053552e+02 2.967916667138307485e+00 1.218288467634621611e+03
2.347161450724381382e+02 2.654828801791865533e+00 1.214741111168241559e+03 1.725826674421276152e+02 7.352824723193418510e-01 1.214741111168241559e+03
2.820042559711630474e+02 2.775898092049591259e+00 1.214711331842866912e+03 3.023270590470820594e+02 1.072065589953355769e+00 1.214711331842866912e+03
2.107605115570563044e+02 2.010103955172367840e+00 1.214723560760731289e+03 1.634140167054233359e+02 7.753540523229585091e-01 1.214723560760731289e+03
2.002877448016124049e+02 2.703337637010588823e-01 1.212170125191707029e+03 1.090433097833776230e+02 5.444332597153481723e-01 1.212170125191707029e+03
2.649018558213218739e+02 1.025969505370921020e+00 1.219831919385768288e+03 1.656494363634854494e+02 6.253238047347510209e-01 1.219831919385768288e+03
2.584393507021525238e+02 2.518921088878484316e+00 1.219458351019110523e+03 1.374391766189639874e+01 5.318043720724270618e-02 1.219458351019110523e+03
2.914444727358847445e+02 2.164637588284660019e+00 1.211286151140788206e+03 6.485897192512189235e+01 2.225431531305757105e-01 1.211286151140788206e+03
2.856223567000246248e+02 9.432808677648133466e-01 1.214224392458600960e+03 9.546824103841768761e+01 3.342463879278307903e-01 1.214224392458600960e+03
2.283828396940778873e+02 2.707888339500401087e-01 1.217214617341415305e+03 1.953633521365408683e+02 8.554204527723400231e-01 1.217214617341415305e+03
2.038997764431468909e+02 4.067547429158117067e-01 1.213269873038243759e+03 3.264239805367075746e+02 1.600904062921932436e+00 1.213269873038243759e+03
2.953033766557508670e+02 1.133714545127669115e+00 1.213312945553018608e+03 2.324568578709274504e+02 7.871798165786414447e-01 1.213312945553018608e+03
1.352291579644910371e+02 2.982618956886528228e+00 1.218450769736169377e+03 3.024313713227799667e+02 2.236436105016593512e+00 1.218450769736169377e+03
2.557028630876774002e+02 5.601839441151944543e-01 1.212846480602192059e+03 1.879385094426980061e+02 7.349878963938553111e-01 1.212846480602192059e+03
1.748020347031215636e+02 1.243284141415109012e+00 1.217111194734643959e+03 3.436314439014642730e+00 1.965832059592884096e-02 1.217111194734643959e+03
1.025006663416195352e+02 6.744497420708379654e-01 1.215724551842521805e+03 2.505324412975211601e+02 2.444203049983437737e+00 1.215724551842521805e+03
2.955940474002097176e+02 1.702235169740661691e+00 1.211336762191922162e+03 1.508225096011719870e+02 5.102352734355670716e-01 1.211336762191922162e+03
1.062595367755834843e+02 1.254814022490829073e+00 1.218693716408635282e+03 4.547932157989720281e+00 4.280022571145588456e-02 1.218693716408635282e+03
1.367833143273804808e+02 2.181896879309939141e+00 1.214820759680844958e+03 1.240817492044609338e+02 9.071409755979497058e-01 1.214820759680844958e+03
1.639804146376162066e+02 2.863883463588795530e-01 1.214577178940058957e+03 1.019344168873778358e+02 6.216255588366749185e-01 1.214577178940058957e+03
2.231117720978410546e+02 1.892633826469047653e+00 1.218659724896578382e+03 2.658415761422787114e+02 1.191517478628153270e+00 1.218659724896578382e+03
1.003163514015307953e+02 6.954106417753611602e-01 1.212772392571530418e+03 1.493419447236881012e+02 1.488709892626828513e+00 1.212772392571530418e+03
1.886408110521268497e+02 1.614173190810591185e+00 1.213070454931146060e+03 4.788947976776953652e+01 2.538659556257755190e-01 1.213070454931146060e+03
1.592385344212817699e+02 1.347410336283412891e+00 1.212268017552875335e+03 3.569571315792982773e+02 2.241650445205253028e+00 1.212268017552875335e+03
1.333815041356618281e+02 1.697873875593512105e+00 1.211500552341477942e+03 9.549876605911906324e+01 7.159820747109556516e-01 1.211500552341477942e+03
1.089670351821370105e+02 1.338421456424177425e+00 1.216150895761215224e+03 2.236031505528180219e+02 2.052025644077295485e+00 1.216150895761215224e+03
1.422531628958529382e+02 4.027932672387749546e-01 1.212914697647291405e+03 1.548868384913692466e+02 1.088811210509011529e+00 1.212914697647291405e+03
2.453535419863450784e+02 1.875249343484771014e+00 1.216332384592664084e+03 3.326505616245256647e+02 1.355800934975045280e+00 1.216332384592664084e+03
1.526089158919285182e+02 1.679852498652160575e+00 1.214422076084125592e+03 3.596642719690007652e+02 2.356771030492743169e+00 1.214422076084125592e+03
1.541401819118907497e+02 1.072775901122469955e-01 1.210047985121139845e+03 3.326221635644621699e+00 2.157919884606045516e-02 1.210047985121139845e+03
2.629779519537227088e+02 5.806677533055271123e-01 1.212207145473528499e+03 2.425429422143545253e+02 9.222938288645421423e-01 1.212207145473528499e+03
2.601306495168106494e+02 2.381011363418306548e+00 1.217208741424755999e+03 2.697408207285839694e+02 1.036943632861502929e+00 1.217208741424755999e+03
1.886756350492233878e+02 1.963786280368833070e+00 1.215370387616231028e+03 2.707109007713929714e+02 1.434795227803354001e+00 1.215370387616231028e+03
2.888249641566015953e+02 5.204612267900828870e-01 1.218431832447578245e+03 1.756496543518974818e+01 6.081526050381843435e-02 1.218431832447578245e+03
1.303164230153617211e+02 2.307931026558346588e+00 1.214302056370332593e+03 2.864072107605865085e+02 2.197782935822484962e+00 1.214302056370332593e+03
2.885621311121082044e+02 1.492905175088118597e+00 1.210978899622336485e+03 6.093989625481213324e+01 2.111846624501695358e-01 1.210978899622336485e+03
1.092882104839306407e+02 1.944584868143755862e+00 1.216752742540776808e+03 3.536536031889281162e+02 3.235972129316987189e+00 1.216752742540776808e+03
1.811938211180290068e+02 1.503591734655153944e+00 1.215754558647934800e+03 2.945238174009427325e+02 1.625462808740541831e+00 1.215754558647934800e+03
2.017917703645225345e+02 1.954949341128229268e+00 1.217477505128645134e+03 2.184277147809229120e+02 1.082441144088030605e+00 1.217477505128645134e+03
1.615077069983617264e+02 1.270866724189424701e+00 1.217091784572414781e+03 2.057418445308464925e+02 1.273882518392348118e+00 1.217091784572414781e+03
2.939350064368211406e+02 2.225395352950155559e+00 1.211469214391556989e+03 2.348784765888431991e+01 7.990830334777711264e-02 1.211469214391556989e+03
2.440302068548140539e+02 4.506592254276565734e-01 1.218668332247252692e+03 1.256392416213696350e+01 5.148511868291730936e-02 1.218668332247252692e+03
2.690937310369002944e+02 2.223395747631127684e+00 1.216594402119120559e+03 2.333202911583931325e+02 8.670595567549598259e-01 1.216594402119120559e+03
2.418443490293784066e+02 2.128279872478817225e+00 1.215512123451290336e+03 2.317800889381395848e+02 9.583853824510232267e-01 1.215512123451290336e+03
1.032327039000691116e+02 5.340487725617268921e-01 1.214764161576505558e+03 1.780477740471655466e+02 1.724722566789673506e+00 1.214764161576505558e+03
1.030759404573926332e+02 4.213915756459440942e-01 1.216345772599818702e+03 2.158096091319087009e+02 2.093695271411232461e+00 1.216345772599818702e+03
1.883809468692011819e+02 1.398102463959252084e+00 1.218419118749476183e+03 2.121228071479758057e+02 1.126031112346299823e+00 1.218419118749476183e+03
1.355315939081902457e+02 9.375901146129147490e-01 1.215158158039528416e+03 2.003400704564266164e+02 1.478179844856970737e+00 1.215158158039528416e+03
2.911561893024623942e+02 1.034533404143655799e+00 1.210507581257963921e+03 7.600988490643003104e+01 2.610622329153666765e-01 1.210507581257963921e+03
1.276228862830214297e+02 1.153157204957742987e+00 1.211732224880758167e+03 1.902717547049000046e+01 1.490890546723304955e-01 1.211732224880758167e+03
2.270234660180723836e+02 2.002800808322773296e+00 1.219942661040170833e+03 3.283971861560884236e+02 1.446534104672448695e+00 1.219942661040170833e+03
2.898447151288659143e+02 1.296692359130417360e+00 1.217044447985716715e+03 9.474390133755576926e+01 3.268781398875336142e-01 1.217044447985716715e+03
1.020331036695389315e+02 2.700128513122354024e-01 1.218524715867864415e+03 1.606833161614533196e+02 1.574815529299868677e+00 1.218524715867864415e+03
1.207379415307860882e+02 2.513214343876294166e+00 1.219328058689220825e+03 7.758219361727025642e+00 6.425668073650911416e-02 1.219328058689220825e+03
2.488507658877677784e+02 1.254244544330757938e+00 1.210931940546287024e+03 2.024192232748500686e+00 8.134161152879133827e-03 1.210931940546287024e+03
2.377833633973091310e+02 2.600957715351365440e+00 1.214749688832625225e+03 8.205482401835739381e+01 3.450822750843718922e-01 1.214749688832625225e+03
1.870822835267294977e+02 2.289251764425564772e+00 1.215405567344731708e+03 2.576463145622379329e+02 1.377181792446031228e+00 1.215405567344731708e+03
2.288050734269149586e+02 8.844964967768907949e-01 1.217839233119091432e+03 5.582862969899804284e+01 2.440008381930869052e-01 1.217839233119091659e+03
1.515974798039492271e+02 1.439697476766047313e+00 1.215256063145850248e+03 2.690010616564297266e+02 1.774442833774747541e+00 1.215256063145850248e+03
2.771963123840201888e+02 4.623726770224552141e-01 1.215059125333041720e+03 3.474469824810525438e+02 1.253432917244977629e+00 1.215059125333041720e+03
2.104601149580561810e+02 2.050655121909640055e+00 1.210902513365824007e+03 1.779247017511807769e+02 8.454081752575324238e-01 1.210902513365824007e+03
1.171942704824468251e+02 8.871992400080236374e-01 1.217001304775164272e+03 3.561437603102169760e+02 3.038917848492939999e+00 1.217001304775164272e+03
2.408010915129206921e+02 1.649413169460679285e+00 1.217355565726446684e+03 2.127344749611983161e+02 8.834448117515431020e-01 1.217355565726446684e+03
1.037361942770819212e+02 2.203068656711842710e+00 1.215399939034476802e+03 1.149350474375618916e+02 1.107955118640342240e+00 1.215399939034476802e+03
2.130352278555978103e+02 6.143433448713853107e-01 1.212714098956450471e+03 1.029102421502845459e+02 4.830667828329333613e-01 1.212714098956450471e+03
1.075151246036833044e+02 1.894122590334656353e+00 1.219142370023197145e+03 1.513406884339385670e+02 1.407622313528471336e+00 1.219142370023197145e+03
2.025880049618868952e+02 1.239725866897683909e-01 1.218336134049475504e+03 2.947789987149234889e+02 1.455066398281480655e+00 1.218336134049475504e+03
2.843344016562404590e+02 2.444317583164747898e-01 1.217637400545094806e+03 1.910861618871244616e+02 6.720472822636042176e-01 1.217637400545094806e+03
1.324102585843556028e+02 1.413226202708528778e-01 1.211028087853563193e+03 8.107854816731384062e+01 6.123282971738970293e-01 1.211028087853563193e+03
1.297525678672485583e+02 2.842826482661288789e+00 1.218376907981750492e+03 3.936241133559903460e+00 3.033651817655832333e-02 1.218376907981750492e+03
1.710915973564152068e+02 1.808465755407623554e+00 1.212186413773608365e+03 2.610958751689599353e+02 1.526059018696571679e+00 1.212186413773608365e+03
1.072926943844052516e+02 2.150529606694877138e+00 1.216389333248182993e+03 5.145241717414697291e+01 4.795519160867066644e-01 1.216389333248182993e+03
1.431472520360744056e+02 1.089512064196350050e+00 1.215689302590032639e+03 1.142935039455601043e+02 7.984330982250159581e-01 1.215689302590032639e+03
1.651206855729328140e+02 1.293356851166570731e+00 1.210444103484794596e+03 7.691800990691479001e+01 4.658290367437977197e-01 1.210444103484794596e+03
2.286896727165610059e+02 2.520156725481501159e+00 1.217775803423834532e+03 1.873552211111042709e+01 8.192552767492616850e-02 1.217775803423834532e+03
2.576298385071839903e+02 2.454921329843777755e+00 1.219526434011211904e+03 3.504394209622448102e+02 1.360243918145656927e+00 1.219526434011211904e+03
2.423996231592836637e+02 2.298139581741256432e+00 1.214047141101512580e+03 1.768745203191986661e+02 7.296814987330748625e-01 1.214047141101512580e+03
2.761193385842461225e+02 1.424626552739239660e+00 1.218422467515254084e+03 2.764571828426057891e+02 1.001223544356190098e+00 1.218422467515254084e+03
2.754244594542875575e+02 1.945724826076461911e+00 1.214040009939170432e+03 1.414556588968001165e+02 5.135914913914086943e-01 1.214040009939170432e+03
2.457288620835250299e+02 1.747349810606029230e-01 1.219921355649673160e+03 2.679641672726193065e+02 1.090487153200328407e+00 1.219921355649673160e+03
2.451750677390624844e+02 1.935772879247149802e+00 1.210021298016233914e+03 3.286981134076031594e+02 1.340666962749383018e+00 1.210021298016233914e+03
1.380342664465388509e+02 1.882232840779390237e+00 1.217434874649975427e+03 1.973074053151670739e+02 1.429408873568252192e+00 1.217434874649975427e+03
2.530348016014485495e+02 7.058777625935692690e-01 1.214750655043418874e+03 3.674621113554260319e+02 1.452219651327686822e+00 1.214750655043418874e+03
2.482205743100280984e+02 2.958489152307857140e+00 1.210317662566077843e+03 2.461644412293675828e+02 9.917165082452334968e-01 1.210317662566077615e+03
1.188738888963669638e+02 2.752170494283820101e+00 1.217768954162957016e+03 2.098660227412736958e+02 1.765450972368143301e+00 1.217768954162957016e+03
1.728809996831223543e+02 2.132478392760524866e+00 1.211418288854343700e+03 1.908085415972676060e+02 1.103698740445769433e+00 1.211418288854343700e+03
2.258630850817162923e+02 1.108353632361047891e+00 1.213693459751005776e+03 1.670898758999378799e+02 7.397839086430856304e-01 1.213693459751005776e+03
2.704983176679871804e+02 1.196561724263167203e+00 1.218598830996427523e+03 3.483112396827224870e+02 1.287665086739074649e+00 1.218598830996427523e+03
2.007730392167547109e+02 7.985010086933006512e-01 1.216686786703494363e+03 6.114131659387411588e+01 3.045295166741283088e-01 1.216686786703494363e+03
2.686625465060099032e+02 2.034319773380473872e+00 1.216382417626315146e+03 6.806288389827663821e-01 2.533396812597921502e-03 1.216382417626315146e+03
2.743068679381586321e+02 2.509144835954645103e+00 1.216161953985840455e+03 2.108910053065471004e+02 7.688141638294365698e-01 1.216161953985840455e+03
2.734036892632017270e+02 2.713266580023891539e+00 1.210732605488347872e+03 1.676682411482025259e+02 6.132625408239855691e-01 1.210732605488347872e+03
1.560370646418498382e+02 2.871053418713067185e+00 1.211023102506878558e+03 6.764280791929637360e+01 4.335047450075799058e-01 1.211023102506878558e+03
2.892686109256005125e+02 2.155363222564667947e+00 1.215224777905241126e+03 3.843986704750690819e+02 1.328864093636263455e+00 1.215224777905241126e+03
1.866525691506128055e+02 2.077772275093626941e+00 1.214749961265238198e+03 2.386449620479248210e+02 1.278551713131570011e+00 1.214749961265238198e+03
2.007655896487162863e+02 2.551479544429864355e+00 1.216541690076930536e+03 1.716628844972965737e+02 8.550413683821947997e-01 1.216541690076930536e+03
2.611605678497651297e+02 4.354036984735529803e-01 1.213675623666156753e+03 1.036588502873744488e+02 3.969161621175716359e-01 1.213675623666156753e+03
2.029372228425711455e+02 9.279896918113880178e-01 1.212398538354074390e+03 2.226062870805436376e+02 1.096921914878232096e+00 1.212398538354074390e+03
1.155764794560635522e+02 1.054670041178165985e+00 1.213771139474141592e+03 1.538531389939821565e+02 1.331180355363476009e+00 1.213771139474141592e+03
1.868424849236569969e+02 2.145846033395568675e+00 1.212493718256462898e+03 1.701155249516459094e+02 9.104756074142043021e-01 1.212493718256462898e+03
1.473074718895074966e+02 7.380641094619453391e-01 1.212953228697995200e+03 1.002008597514789159e+02 6.802157315321903930e-01 1.212953228697995200e+03
2.604905407895457756e+02 8.844635227876767036e-01 1.210787176266571805e+03 1.480796775299106969e+02 5.684647015629887834e-01 1.210787176266571805e+03
1.213233219364470301e+02 5.363445835543936280e-01 1.213931820519713938e+03 3.126747966731417705e+02 2.577202731367103983e+00 1.213931820519713938e+03
2.930904876281855422e+02 1.222017666160079008e+00 1.216400877301241280e+03 3.983256759492895753e+02 1.359053578206213642e+00 1.216400877301241280e+03
2.459560244249078664e+02 2.177857093376110331e+00 1.210215003723432801e+03 3.624038690613623430e+02 1.473449857179679912e+00 1.210215003723432801e+03
1.268506660745916577e+02 2.183762070993644056e+00 1.218887751736175915e+03 8.433623296730399943e+01 6.648465914850772984e-01 1.218887751736175915e+03
1.124790465925664904e+02 2.088760106672549188e+00 1.210122090535368898e+03 2.145258803738987581e+02 1.907251944897587093e+00 1.210122090535368898e+03
1.571455595381020203e+02 1.407770678450198432e+00 1.210033167021424106e+03 1.337134200190979172e+01 8.508889491508497827e-02 1.210033167021424106e+03
2.181214665358616003e+02 2.480500670223346305e+00 1.211430893398892749e+03 1.083610306791962188e+02 4.967921424706744915e-01 1.211430893398892749e+03
2.763403932801586507e+02 1.802962325991750214e+00 1.215720794919092441e+03 2.643061314083950037e+02 9.564513109034946670e-01 1.215720794919092441e+03
1.007950109513660095e+02 1.771489369815512527e+00 1.217884527706707786e+03 2.690158428262323014e+02 2.668940062480210429e+00 1.217884527706707786e+03
2.433811587495393383e+02 2.617961882652190209e+00 1.216273954348213920e+03 2.851970802805361700e+02 1.171812484359272544e+00 1.216273954348213920e+03
2.281272787239642810e+02 7.842600930527449110e-01 1.213312393886449854e+03 8.901903693456576150e+01 3.902165380330489541e-01 1.213312393886449854e+03
1.934258917154378423e+02 3.462321116874189086e-01 1.211464050909016578e+03 3.992023063653719532e+02 2.063851446282413793e+00 1.211464050909016578e+03
2.185237495768097347e+02 1.751434083163026623e+00 1.216204583934432321e+03 3.369273976978425935e+02 1.541834232436208207e+00 1.216204583934432321e+03
2.695162222560302325e+02 3.209437563180821407e-01 1.212188259309116575e+03 5.633039998345519450e+01 2.090056008945667121e-01 1.212188259309116575e+03
1.743486438626167114e+02 1.261773855390576182e+00 1.219807026655491200e+03 2.158612770997958705e+02 1.238101268340752403e+00 1.219807026655491200e+03
2.579155219497156395e+02 1.368061880005722930e+00 1.210909678434204807e+03 4.517500642693428148e+01 1.751542756536452472e-01 1.210909678434204807e+03
2.483579105978226949e+02 1.137102650139902194e+00 1.211850403826085767e+03 9.726145248604916560e+01 3.916180976556413174e-01 1.211850403826085767e+03
1.364133325148124811e+02 2.928324242753356010e+00 1.213663675363562334e+03 3.996082096312158569e+02 2.929392620679685422e+00 1.213663675363562334e+03
1.794641522600126109e+02 2.310171363102214048e+00 1.214300993558381833e+03 1.137660320583032387e+02 6.339206500330822891e-01 1.214300993558381833e+03
1.049073918296376036e+02 9.800869488596664070e-01 1.215256260586526423e+03 3.578864940703223283e+02 3.411451641572649240e+00 1.215256260586526423e+03
2.281749101017068426e+02 2.669744140830848655e-01 1.214967678225439158e+03 1.860350670188745426e+02 8.153178056954252240e-01 1.214967678225439158e+03
1.990064471905868402e+02 2.658991004854451834e+00 1.213158177786670649e+03 1.806283709958046302e+02 9.076508502401348100e-01 1.213158177786670649e+03
2.670474463033884831e+02 1.908242198164910697e+00 1.212363758353173353e+03 3.114484554327412980e+02 1.166266368557254518e+00 1.212363758353173353e+03
2.365502062620215895e+02 7.484373212241189899e-01 1.214342961425286830e+03 3.206293190698056037e+02 1.355438763450712791e+00 1.214342961425286830e+03
1.786950172558402983e+02 2.479170917094173365e+00 1.217365514341624930e+03 1.091428856787016031e+02 6.107774427892419533e-01 1.217365514341624930e+03
1.067887034962803341e+02 8.633154515824208453e-01 1.212129504622233981e+03 3.653590802999332823e+02 3.421327053686530562e+00 1.212129504622233981e+03
1.135705643387292980e+02 8.434731947095231996e-01 1.212643152325826804e+03 2.432720639995415013e+02 2.142034473598032562e+00 1.212643152325826804e+03
1.987114926357704974e+02 2.378191883618261393e+00 1.213718778819594263e+03 8.977749869609263911e+00 4.517982201495052835e-02 1.213718778819594263e+03
1.737947371940325638e+02 2.080109623521276596e+00 1.218568629952372703e+03 3.113327308335061616e+02 1.791381809714523987e+00 1.218568629952372703e+03
1.785548955305735035e+02 1.643100992867934984e+00 1.216122735984209612e+03 3.664730571036159290e+02 2.052439144917567848e+00 1.216122735984209612e+03
2.423682217365745259e+02 1.855606729278499234e+00 1.219015984713863645e+03 2.102168357247672930e+02 8.673448780477831521e-01 1.219015984713863645e+03
2.042739539190536675e+02 2.034640350491169869e+00 1.210190665338923964e+03 1.985848323739608361e+02 9.721495499747010438e-01 1.210190665338923964e+03
1.015988823291830982e+02 2.339987805036660151e-01 1.217260702408548696e+03 2.149540541759753509e+01 2.115712783921366857e-01 1.217260702408548696e+03
2.731778457676962262e+02 2.185333236262751999e+00 1.216822721896459370e+03 1.695034802403205987e+01 6.204876525179945507e-02 1.216822721896459370e+03
2.573505840571980912e+02 2.870901712332636357e+00 1.217317262808203850e+03 3.360391951913463799e+02 1.305764260929981546e+00 1.217317262808203850e+03
1.656994471735235379e+02 3.517712341852564650e-01 1.211369293309807517e+03 1.542295638650910519e+02 9.307789886805053481e-01 1.211369293309807517e+03
2.113128632189015548e+02 1.159066112560160455e+00 1.214311032951908146e+03 1.040784346935314630e+02 4.925324142984866538e-01 1.214311032951908146e+03
1.630903616608183881e+02 2.903755060267362520e+00 1.213696284551962435e+03 3.687898993635175202e+02 2.261261153681759062e+00 1.213696284551962435e+03
2.633572733891749067e+02 1.324626177805289906e+00 1.218190723438338637e+03 2.885412402075012324e+02 1.095626623461850802e+00 1.218190723438338637e+03
2.664287237471926915e+02 9.913399091590220369e-01 1.215098175573724802e+03 1.885526840347571067e+02 7.077040395001473749e-01 1.215098175573724802e+03
2.955230723033915865e+02 2.949284075710958408e+00 1.219949860112280248e+03 2.147357415168864918e+02 7.266293621109666256e-01 1.219949860112280248e+03
1.078610540316575310e+02 2.029427221438203865e+00 1.217766740803644325e+03 3.175070781719783213e+02 2.943667489831770734e+00 1.217766740803644325e+03
2.268196469590639879e+02 1.879111997025957104e+00 1.210943903212750456e+03 1.432965625368025542e+02 6.317643310795932887e-01 1.210943903212750456e+03
1.587525273835653365e+02 1.182732098806483334e+00 1.216112422699474109e+03 3.972802074317128245e+02 2.502512646440177235e+00 1.216112422699474109e+03
2.477904741195182226e+02 1.334014084354459007e+00 1.219924234999114560e+03 3.207687182560559336e+02 1.294515938903033403e+00 1.219924234999114560e+03
2.718561644056442219e+02 6.805182391807661491e-01 1.218650342638684606e+03 1.673990720740067104e+02 6.157633851709386485e-01 1.218650342638684606e+03
1.006213560685047952e+02 2.772573018815317702e+00 1.215008993012696919e+03 3.763773844672999189e+02 3.740531823195222483e+00 1.215008993012696919e+03
2.840487993100219910e+02 1.747455325822213856e+00 1.217631047987556030e+03 7.326987925069299479e+01 2.579482097043592215e-01 1.217631047987556030e+03
1.746532456410773761e+02 2.033287411861723459e+00 1.217115455861541250e+03 6.434080843406081840e+01 3.683917135229478612e-01 1.217115455861541250e+03
1.002267205989442118e+02 1.518174954766690732e+00 1.210749353397730147e+03 5.160548724367344420e+01 5.148875163757183904e-01 1.210749353397730147e+03
2.591269220881317779e+02 2.697691357545288326e+00 1.217757283468262358e+03 3.668675617895726759e+02 1.415783272665111836e+00 1.217757283468262358e+03
1.614711078366457571e+02 2.836570081360350937e+00 1.212191095947079475e+03 1.937207516857479845e+02 1.199723927587887706e+00 1.212191095947079475e+03
2.576167290731833646e+02 1.357856570097225379e+00 1.216493704897810403e+03 4.416791791026422231e+01 1.714481744612053882e-01 1.216493704897810403e+03
2.346519683847847091e+02 2.094681960094466611e+00 1.213652699220483100e+03 1.571891133260364768e+02 6.698819294295292881e-01 1.213652699220483100e+03
2.589986296695562942e+02 1.293798921730855644e+00 1.218981846463194870e+03 3.163456725490268582e+02 1.221418325466188115e+00 1.218981846463194870e+03
1.260682770539700357e+02 5.085556673588089716e-01 1.210414395769043949e+03 3.973665639539563017e+02 3.151994881185240960e+00 1.210414395769043949e+03
2.691017820846806217e+02 2.728024715580100734e-01 1.214136063427214822e+03 1.638141094617940325e+02 6.087440528738126133e-01 1.214136063427214822e+03
1.252854984684912552e+02 4.679019397258047386e-01 1.219169739076116912e+03 2.723550197991592086e+02 2.173875054403485496e+00 1.219169739076116912e+03
1.052411182904480711e+02 2.017165132349875378e+00 1.217389537282323772e+03 1.767212196274932268e+01 1.679203171708722186e-01 1.217389537282323772e+03
1.299249530032215034e+02 2.927672032256043888e+00 1.218774996402123179e+03 2.901628386126425312e+02 2.233311091561048567e+00 1.218774996402123179e+03
1.218547133532249092e+02 6.639853312276097208e-01 1.216313779525819200e+03 1.804559246014429448e+02 1.480910501002521418e+00 1.216313779525819200e+03
2.770895348447420474e+02 1.220521908981529347e+00 1.215766916678225016e+03 3.341444475309328936e+02 1.205907858332360583e+00 1.215766916678225016e+03
1.932348393724630000e+02 2.112204349470477194e+00 1.218585836775522012e+03 1.424018161877504554e+02 7.369365516601737998e-01 1.218585836775522012e+03
2.101738775614256554e+02 1.739223668974955728e-01 1.218152210725010946e+03 1.680518820387389667e+02 7.995850102238510893e-01 1.218152210725010946e+03
2.909000229431458706e+02 1.806008573405461615e+00 1.216506850096626977e+03 2.241741510809935107e+02 7.706226655224657218e-01 1.216506850096626977e+03
2.516380047726783573e+02 1.262067469938065734e-01 1.215641791573214050e+03 2.309703384565814019e+02 9.178674686489926016e-01 1.215641791573214050e+03
2.378807684896061971e+02 1.598794471876002543e+00 1.212810291072293012e+03 1.278745759228306724e+02 5.375574357471354370e-01 1.212810291072293012e+03
1.614847049808874999e+02 1.512017908781201125e+00 1.213232628350450568e+03 1.953655919131852272e+02 1.209808643712156462e+00 1.213232628350450568e+03
2.288185874037011445e+02 2.403899810254542579e+00 1.218643954118730107e+03 1.913492855058763951e+02 8.362488715494155178e-01 1.218643954118730107e+03
2.179853734150456432e+02 2.543724663107072903e+00 1.212700071724019381e+03 3.420140180118103785e+02 1.568976911861940993e+00 1.212700071724019381e+03
2.583735321653493884e+02 1.902613148762517525e+00 1.211524410068094767e+03 1.181312763108670616e+01 4.572112140157896104e-02 1.211524410068094767e+03
2.136683336024337905e+02 7.229328091712696747e-01 1.214145229434023577e+03 2.520312580164936662e+02 1.179544267357092835e+00 1.214145229434023577e+03
1.219378723739859822e+02 1.064555552624574686e+00 1.216693535153407083e+03 3.972036385348036447e+02 3.257426350006926707e+00 1.216693535153407083e+03
1.396000362769026424e+02 2.532201055903663178e+00 1.216121233142188885e+03 2.469791943391391840e+02 1.769191476779027328e+00 1.216121233142188885e+03
2.390037842963515402e+02 1.866951853461136235e+00 1.215858030774769986e+03 3.403312279620328127e+02 1.423957486547747786e+00 1.215858030774769986e+03
1.750921251531364078e+02 1.906435298057751471e+00 1.214247057396555419e+03 1.011859337020188931e+01 5.779011112779697951e-02 1.214247057396555419e+03
2.988833361901904482e+02 2.314684165805600546e+00 1.212414697762163769e+03 2.130979768887586374e+02 7.129804545314515352e-01 1.212414697762163769e+03
2.558751408654660224e+02 7.686269323709274959e-01 1.212819264352178834e+03 3.093314612422215077e+02 1.208915646107496356e+00 1.212819264352178834e+03
1.035196610753979343e+02 1.535125790313116800e+00 1.211243842039356423e+03 3.954929196240031501e+02 3.820461886326581347e+00 1.211243842039356423e+03
1.904446235140548822e+02 1.856450904048606798e+00 1.219085870911328811e+03 2.495247204497534881e+02 1.310221920921482264e+00 1.219085870911328811e+03
2.749331549959585459e+02 2.197758527610110146e+00 1.219689095561858494e+03 3.105460765002389394e+02 1.129533018688865909e+00 1.219689095561858494e+03
1.569909245977403600e+02 6.854451143299082894e-01 1.215472828432553115e+03 1.639738408607777274e+02 1.044479744806457999e+00 1.215472828432553115e+03
1.720740253899788001e+02 2.623006212844863683e+00 1.210899789167806375e+03 2.577931548491967533e+02 1.498152636721021613e+00 1.210899789167806375e+03
2.888986705876593533e+02 1.466721035655230265e+00 1.211102637678118072e+03 6.266952399474376989e+01 2.169256226318570513e-01 1.211102637678118072e+03
2.090591863398080363e+02 7.905287998098182722e-01 1.213580730585708579e+03 2.744373726309889960e+00 1.312725728229489214e-02 1.213580730585708579e+03
1.755710866165160837e+02 2.730091573473898414e+00 1.217570897236512110e+03 6.967548470812423034e+01 3.968505637850840428e-01 1.217570897236512110e+03
1.995457774115296843e+02 1.810046074031854024e+00 1.215133019641894634e+03 2.271114352084387349e+02 1.138142025125690848e+00 1.215133019641894634e+03
2.152579391755172935e+02 2.211711281112798577e+00 1.215944503037992035e+03 3.813930970980315038e+01 1.771795728226547295e-01 1.215944503037992035e+03
1.877331337732231873e+02 1.097837625995003785e+00 1.219813792846700608e+03 9.399322622930475291e+01 5.006746776136287158e-01 1.219813792846700608e+03
2.202681493803396222e+02 4.855926911464248930e-01 1.210465313669254556e+03 7.456599681356230747e+01 3.385237358344002634e-01 1.210465313669254556e+03
1.417777416533863004e+02 2.006757979315037854e+00 1.212401877030381002e+03 3.378178535469614872e+02 2.382728414258761251e+00 1.212401877030381002e+03
1.990539877517085472e+02 1.682709806432385768e+00 1.216458672601355829e+03 3.113069756065213483e+02 1.563932373938835108e+00 1.216458672601355829e+03
1.187816472196229256e+02 8.575757835661677042e-01 1.218843476410725771e+03 1.279769568502646671e+01 1.077413555426116887e-01 1.218843476410725771e+03
1.259866933466054775e+02 2.674605532347875680e+00 1.212574516093981401e+03 1.455807759152577319e+02 1.155525016556680606e+00 1.212574516093981401e+03
2.551443417686402313e+02 1.582780518050493246e+00 1.211830363152394966e+03 2.974093677690075879e+02 1.165651433644930401e+00 1.211830363152394966e+03
2.280859787876750602e+02 3.074736367676830784e-01 1.216539273151359339e+03 3.856868429388582626e+02 1.690971295074186198e+00 1.216539273151359339e+03
2.948037755329281708e+02 5.802612767756604173e-01 1.214345546405013692e+03 3.605561679793619305e+02 1.223037823472818975e+00 1.214345546405013692e+03
2.684518519529082710e+02 2.011608885243544087e+00 1.215631187482700625e+03 2.400701488220064164e+02 8.942763742383100789e-01 1.215631187482700625e+03
1.993908291446528267e+02 2.972906842239264602e+00 1.210292622497361663e+03 3.848596787703937707e+02 1.930177433041256663e+00 1.210292622497361663e+03
1.594098356835384038e+02 3.865520921278745581e-01 1.212762770334871220e+03 1.185398898030702810e+02 7.436171632370072171e-01 1.212762770334871220e+03
1.671153549648922763e+02 1.635035584694969346e-01 1.211114915530167309e+03 1.218268034226467194e+02 7.289982625967564855e-01 1.211114915530167309e+03
1.951576490838680797e+02 2.747254751731061262e+00 1.213666409032878391e+03 1.497275920254326991e+02 7.672135462191798094e-01 1.213666409032878391e+03
2.328935881419942007e+02 1.058794125418717424e+00 1.215360297456419858e+03 3.081715786493419955e+02 1.323229124115907984e+00 1.215360297456419858e+03
2.034077093277486483e+02 1.716798150446251281e+00 1.212809290126124552e+03 2.774544770425915772e+02 1.364031274721904330e+00 1.212809290126124552e+03
1.060602025290029644e+02 4.987373486858847071e-01 1.219303072031925240e+03 1.701269180783779689e+01 1.604059902033993235e-01 1.219303072031925240e+03
2.786130175044553994e+02 2.814743138780182896e+00 1.218630789602784262e+03 2.940518877123213315e+02 1.055413312508339807e+00 1.218630789602784262e+03
1.161248229925853508e+02 1.180818104910996258e+00 1.214275195033735372e+03 3.755208058668749800e+02 3.233768596494241532e+00 1.214275195033735372e+03
2.416175532221584774e+02 1.992969525598045077e+00 1.213945668387601472e+03 4.450033011916092107e+01 1.841767269211790348e-01 1.213945668387601472e+03
1.387533561807442197e+02 2.884158742733383907e+00 1.215896698982632188e+03 3.025434822895194884e+02 2.180440824043329062e+00 1.215896698982632188e+03
1.901076566509195231e+02 2.983817560458357665e+00 1.217314049906584387e+03 7.408093751834302054e+01 3.896788736624759442e-01 1.217314049906584387e+03
2.016381505709264843e+02 2.617637108191326334e+00 1.216090001788136306e+03 1.093590519015812390e+02 5.423529802864068827e-01 1.216090001788136306e+03
2.563461436283531611e+02 2.982013133825522910e+00 1.213571862015377974e+03 5.109044046060042632e+01 1.993025513762773371e-01 1.213571862015377974e+03
2.804516441124306425e+02 1.939128631695369087e+00 1.214679917333140111e+03 5.892364018002771786e+01 2.101026733735450736e-01 1.214679917333140111e+03
1.711434389832890588e+02 7.954872564884640784e-01 1.210423012927995160e+03 2.404816201218605158e+02 1.405146592533657257e+00 1.210423012927995160e+03
1.914145268332417231e+02 1.549981197250915654e+00 1.216359581510038879e+03 3.512048118492373874e+02 1.834786615517448372e+00 1.216359581510038879e+03
1.520697852796424741e+02 2.080356976136671143e+00 1.211191078534491908e+03 6.502681347981922499e+01 4.276116610557504361e-01 1.211191078534491908e+03
2.184988950031386139e+02 2.654326076694780934e+00 1.219889663540061520e+03 2.225159178682850438e+02 1.018384636979920321e+00 1.219889663540061520e+03
1.936078952920670986e+02 3.807085769355418314e-01 1.212838044192474172e+03 9.829304806396033101e+00 5.076913207267730321e-02 1.212838044192474172e+03
1.368528171044321482e+02 2.173242499020465068e+00 1.219338951701670339e+03 3.777424171561708022e+02 2.760209290159633344e+00 1.219338951701670339e+03
1.749071450114644790e+02 2.392608746796333286e+00 1.211382208766853182e+03 3.815659787655189916e+02 2.181534543603171894e+00 1.211382208766853182e+03
1.719967047773935747e+02 5.897076340111768733e-01 1.212365560112765479e+03 3.797448886148414999e+02 2.207861418661047459e+00 1.212365560112765479e+03
2.173384829919595234e+02 2.798938793697117067e+00 1.210892578627406010e+03 2.684926344284464221e+02 1.235366285492934812e+00 1.210892578627406010e+03
2.861314795798427895e+02 3.214036313083454832e-01 1.214480739957760989e+03 2.504467167448140117e+02 8.752854356066361863e-01 1.214480739957760989e+03
2.288992314724292498e+02 2.867043157323142744e+00 1.217606553103802980e+03 7.313473012893645375e-01 3.195062283891742828e-03 1.217606553103802980e+03
2.561549408191305588e+02 2.037147963276844109e+00 1.212892884376822167e+03 2.795385306882813552e+02 1.091286897665822542e+00 1.212892884376822167e+03
2.041799722658537348e+02 1.219699539935845400e-01 1.210807604529957416e+03 2.850971577130163581e+01 1.396303244383851339e-01 1.210807604529957416e+03
1.999698378733041295e+02 1.756734238370959433e+00 1.210261676407736104e+03 1.206051360808717554e+01 6.031166368064174582e-02 1.210261676407736104e+03
2.329145109129443085e+02 1.965118369309611035e+00 1.215968907273465220e+03 3.484626975709628027e+02 1.496096985134629742e+00 1.215968907273465220e+03
2.949555503680851416e+02 2.102772478982003257e+00 1.219436109509560083e+03 1.415945127002588322e+02 4.800537319048859830e-01 1.219436109509560083e+03
2.535647375760930231e+02 1.150161795648334984e+00 1.212794598043868973e+03 3.657956643273342365e+02 1.442612517119268079e+00 1.212794598043868973e+03
2.839869380672404304e+02 2.395550402826713388e+00 1.216999025225272817e+03 1.482193454874441727e+02 5.219231084929329967e-01 1.216999025225272817e+03
1.247971766777468190e+02 9.711865601369613632e-01 1.210316988735356972e+03 3.931131142268964709e+02 3.150016087639539997e+00 1.210316988735356972e+03
2.869543404256512531e+02 6.529020886251819533e-01 1.219373263333021896e+03 3.184877588422416466e+02 1.109890020725302628e+00 1.219373263333021896e+03
2.424860561688766722e+02 2.854981920440789356e+00 1.213618305900520909e+03 2.174536322454305548e+01 8.967675736949898280e-02 1.213618305900520909e+03
1.467708656118536510e+02 2.737677302810081592e+00 1.210123608676907679e+03 3.683528231376463964e+02 2.509713502077330016e+00 1.210123608676907679e+03
2.714046626677561562e+02 2.063229833007456104e+00 1.215140118810475997e+03 3.472159705454129153e+02 1.279329423203249272e+00 1.215140118810475997e+03
2.260433689875337109e+02 1.550390612772194032e+00 1.217325450872029023e+03 1.648170158614596517e+02 7.291389108191415058e-01 1.217325450872029023e+03
2.373531353592773030e+02 6.688081077200995761e-01 1.214256088963018328e+03 3.038086598873898652e+02 1.279985871800344954e+00 1.214256088963018328e+03
1.209781105945949804e+02 1.969897428600367872e+00 1.216993181135456325e+03 9.811113479169377172e+01 8.109825348526905620e-01 1.216993181135456325e+03
2.892030924213163985e+02 2.931875922220431807e+00 1.214548499469255148e+03 3.143470632593713390e+02 1.086942261327637382e+00 1.214548499469255148e+03
1.435210609496490122e+02 6.617072848758904779e-01 1.217468520546721948e+03 3.947395184495859439e+02 2.750394373046552321e+00 1.217468520546721948e+03
1.065870955755097640e+02 2.492290073646791004e+00 1.210489120007183146e+03 6.663062892037649476e+01 6.251284788332860387e-01 1.210489120007183146e+03
2.592939112919958120e+02 2.476744580230084924e+00 1.211267255339443182e+03 1.016812095401658809e+02 3.921465376240969025e-01 1.211267255339443182e+03
1.617912776690121177e+02 1.428719824652166626e+00 1.213181798758285368e+03 3.360326317997655678e+02 2.076951468837592962e+00 1.213181798758285368e+03
2.793547782856120421e+02 2.897674710659628783e+00 1.219270966950325601e+03 2.513951595846353655e+02 8.999135834634237607e-01 1.219270966950325601e+03
1.448032818427310531e+02 1.094057785597908561e+00 1.210697837102818994e+03 1.648404976146037484e+02 1.138375425728505697e+00 1.210697837102818994e+03
1.111754524699625222e+02 1.922630087780351493e+00 1.219578214647427330e+03 1.981927448396856306e+01 1.782702390109305035e-01 1.219578214647427330e+03
2.529026309431771438e+02 2.854477995506508492e+00 1.219225541407283799e+03 3.796699453244455071e+02 1.501249488423672451e+00 1.219225541407283799e+03
2.907908014621538086e+02 8.749692543725299254e-01 1.211251726776180021e+03 3.617955322486983505e+02 1.244178049750950477e+00 1.211251726776180021e+03
2.302589350078087307e+02 1.714529206547946938e+00 1.212696316761650223e+03 3.225694984387105251e+02 1.400898942000974978e+00 1.212696316761650223e+03
1.541179520131887273e+02 2.712991528483522430e+00 1.213698070864546253e+03 2.313844296521681940e+02 1.501346381973511779e+00 1.213698070864546253e+03
