weight logl C sigma mu1 a1 W lam0
1.000000000000000000e+00 -9.999999999999999673e+98 7.678236878804651777e-01 3.621247571201154924e-01 2.794598043869027659e-01 9.144891608183356446e-01
1.000000000000000000e+00 -9.999999999999999673e+98 9.696750321841057785e-01 7.328949492931571275e-01 1.469214391556959987e-01 5.871961914721079978e-02
1.000000000000000000e+00 -9.999999999999999673e+98 6.440253671345748110e-01 2.705160333713416687e-01 7.839233119091438828e-01 1.395715742474951115e-01
1.000000000000000000e+00 -9.999999999999999673e+98 2.603489263982123880e-01 6.828817159091969957e-01 1.191078534491945007e-01 1.625670336995480580e-01
1.000000000000000000e+00 -9.999999999999999673e+98 7.793757043273301655e-01 2.305610111623888070e-01 2.819264352178724176e-01 7.733286531055537649e-01
1.000000000000000000e+00 -9.999999999999999673e+98 2.240164092136552876e-01 3.427785467578995382e-01 6.978371028188834480e-02 4.121012440365093843e-01
1.000000000000000000e+00 -9.999999999999999673e+98 2.997592436274388872e-01 8.230356460909039606e-01 6.143010245211832920e-02 9.790756468102341792e-01
1.000000000000000000e+00 -9.999999999999999673e+98 4.757882454193403943e-01 9.128464661141590941e-01 3.666409032878357177e-01 3.743189800635817743e-01
1.000000000000000000e+00 -9.999999999999999673e+98 2.707009095594538062e-01 2.509513831809306872e-03 4.798512113973418813e-03 8.315554089111554248e-03
1.000000000000000000e+00 -9.999999999999999673e+98 9.765168832787541886e-01 3.564532914233341510e-01 3.312945553018522560e-01 5.811421446773186172e-01
1.000000000000000000e+00 -9.999999999999999673e+98 7.867529202859904203e-01 9.554833490802194795e-01 7.317262808203816027e-01 8.400979879783659898e-01
1.000000000000000000e+00 -9.999999999999999673e+98 2.796829463150863893e-01 3.988501022211743408e-02 2.385289915425777840e-01 2.051065534897353881e-01
1.000000000000000000e+00 -9.999999999999999673e+98 4.969541457232641291e-01 9.906575318066429547e-01 2.926224973617008729e-02 9.621491969259844401e-01
1.000000000000000000e+00 -9.999999999999999673e+98 3.784706960174873958e-01 5.919934854111469358e-01 9.948731623162443416e-01 6.609000112480811762e-01
1.000000000000000000e+00 -9.999999999999999673e+98 8.175924954222772989e-01 1.893209625180386491e-01 6.799166000689165212e-01 1.877589533234691466e-03
1.000000000000000000e+00 -9.999999999999999673e+98 9.202439965501100216e-01 5.680880433869702761e-01 7.631047987555973355e-01 1.831746981267324825e-01
1.000000000000000000e+00 -9.999999999999999673e+98 9.306573978992137564e-01 7.634607976149843100e-02 4.480739957761064041e-01 6.261167918620350603e-01
1.000000000000000000e+00 -9.999999999999999673e+98 7.651740080072427785e-01 2.089233664115756062e-01 4.750655043418948731e-01 9.186552783885650886e-01
1.000000000000000000e+00 -9.999999999999999673e+98 5.538025577852814241e-01 6.586565362663336920e-01 4.723560760731182473e-01 4.085350417635583709e-01
1.000000000000000000e+00 -9.999999999999999673e+98 9.171278721673262746e-01 4.710462329918820856e-01 9.482280316750555382e-01 9.029298235358285130e-02
1.000000000000000000e+00 -9.999999999999999673e+98 5.611900303440209292e-01 6.049972778987618982e-01 3.584262986700862408e-01 2.380717992820172713e-01
1.000000000000000000e+00 -9.999999999999999673e+98 8.972077922894639013e-01 4.267259232041953343e-02 8.822918767035964338e-01 4.630275797807408278e-01
1.000000000000000000e+00 -9.999999999999999673e+98 1.842640855221607810e-01 7.149112065587810427e-01 9.338951701670445971e-01 9.443560428904270720e-01
1.000000000000000000e+00 -9.999999999999999673e+98 7.258753386953123998e-01 6.330251307748792078e-01 2.129801623387161946e-03 8.217452835190078853e-01
1.000000000000000000e+00 -9.999999999999999673e+98 8.167863669458743647e-01 4.222848888983757876e-01 8.190723438338709528e-01 7.213531005187531209e-01
1.000000000000000000e+00 -9.999999999999999673e+98 6.699485406457927894e-02 5.895660792675200268e-01 6.250136451569107132e-01 8.129321257713980620e-01
1.000000000000000000e+00 -9.999999999999999673e+98 9.944166809509523697e-01 7.636841951053795485e-01 2.414697762163747763e-01 5.327449422218966113e-01
1.000000000000000000e+00 -9.999999999999999673e+98 3.073555391832287764e-01 9.436448556415003575e-01 2.191095947079503281e-01 4.843018792143699569e-01
1.000000000000000000e+00 -9.999999999999999673e+98 3.032373515917233808e-01 1.151190385875944244e-02 9.733338274954990155e-01 5.561788562991764051e-01
1.000000000000000000e+00 -9.999999999999999673e+98 8.619775179016220257e-02 1.883331109390028457e-01 8.288467634621587976e-01 8.698930388885133258e-01
1.000000000000000000e+00 -9.999999999999999673e+98 1.342533303729582794e-01 7.185386451702220345e-01 8.887751736175876216e-01 2.108405824182599808e-01
1.000000000000000000e+00 -9.999999999999999673e+98 6.916069780245956977e-01 2.390879829666429091e-01 1.637181941963716802e-03 3.053495935872465594e-01
1.000000000000000000e+00 -9.999999999999999673e+98 8.024527039477288293e-01 2.705046630302333499e-01 7.871762665718706753e-02 3.701991938247767289e-01
1.000000000000000000e+00 -9.999999999999999673e+98 3.821714003541506477e-01 8.653796917082315909e-01 1.942964490677996370e-01 8.676571886130690636e-02
1.000000000000000000e+00 -9.999999999999999673e+98 3.315592160005714772e-01 4.336103340888295410e-01 4.798636664425810494e-01 5.778109565603627429e-01
1.000000000000000000e+00 -9.999999999999999673e+98 9.492235756443295758e-01 4.126525376311783733e-01 7.044447985716639771e-01 2.368597533438894231e-01
1.000000000000000000e+00 -9.999999999999999673e+98 6.449558215548316653e-01 8.496512184238421694e-01 2.767098734986781494e-01 6.655237991135053433e-01
1.000000000000000000e+00 -9.999999999999999673e+98 2.429488256553051784e-01 1.339404622871429584e-01 6.124401759678066437e-02 6.751740223996449686e-02
1.000000000000000000e+00 -9.999999999999999673e+98 1.303413852698501740e-01 1.408812646064858676e-01 4.143957690440025488e-02 9.934164098848907720e-01
1.000000000000000000e+00 -9.999999999999999673e+98 2.561754173378512078e-01 6.401664260470019130e-02 8.152795225955071778e-01 8.665584590105217533e-01
1.000000000000000000e+00 -9.999999999999999673e+98 3.129768387791742601e-02 3.982117318933893202e-01 8.693716408635224768e-01 1.136983039497430070e-02
1.000000000000000000e+00 -9.999999999999999673e+98 7.389523705975911128e-01 4.255220980532616881e-01 9.924234999114478484e-01 8.019217956401398784e-01
1.000000000000000000e+00 -9.999999999999999673e+98 7.807747040956527496e-01 6.679820563023600721e-01 2.892884376822169035e-01 6.988463267207033480e-01
1.000000000000000000e+00 -9.999999999999999673e+98 8.155366679933166996e-01 2.103571316344865494e-01 7.334875684960436848e-01 2.573690078696749817e-01
1.000000000000000000e+00 -9.999999999999999673e+98 5.989912772360532767e-01 3.414288983267780297e-01 4.143496704515411411e-01 6.254174550725773996e-01
1.000000000000000000e+00 -9.999999999999999673e+98 6.293154254085815413e-01 3.477081490900164606e-01 3.693459751005826464e-01 4.177246897498446687e-01
1.000000000000000000e+00 -9.999999999999999673e+98 8.455089104234029262e-01 5.958705915793449659e-02 4.136063427214720090e-01 4.095352736544850547e-01
1.000000000000000000e+00 -9.999999999999999673e+98 2.922616778801768733e-01 4.717685437609274723e-01 6.218369456161241260e-01 4.653202850182693862e-01
1.000000000000000000e+00 -9.999999999999999673e+98 6.512946750390437023e-01 5.567342091544644767e-01 2.696316761650320304e-01 8.064237460967763615e-01
1.000000000000000000e+00 -9.999999999999999673e+98 6.867656767963865594e-01 1.961407268000343596e-01 4.256088963018248572e-01 7.595216497184746895e-01
1.000000000000000000e+00 -9.999999999999999673e+98 6.928650870288255437e-02 7.810735281568520483e-01 7.785448678367229425e-01 2.253802685567296571e-02
1.000000000000000000e+00 -9.999999999999999673e+98 7.964695564599790778e-01 8.195670966310637517e-01 1.267255339443091877e-01 2.542030238504147110e-01
1.000000000000000000e+00 -9.999999999999999673e+98 4.952699387585427493e-01 5.457620022180640351e-01 6.458672601355720522e-01 7.782674390163033529e-01
1.000000000000000000e+00 -9.999999999999999673e+98 5.595004286725074882e-01 4.904339622293912848e-01 7.645197186487313612e-01 1.020111398353185095e-01
1.000000000000000000e+00 -9.999999999999999673e+98 7.817307181417656459e-01 9.937976323536286127e-01 3.571862015377862409e-01 1.277261011515010702e-01
1.000000000000000000e+00 -9.999999999999999673e+98 5.208998613292685764e-01 7.575846204684322238e-03 8.076045299574585723e-02 7.127428942825408953e-02
1.000000000000000000e+00 -9.999999999999999673e+98 9.747777518404256991e-01 6.906111996489665561e-01 9.436109509560048902e-01 3.539862817506470583e-01
1.000000000000000000e+00 -9.999999999999999673e+98 3.824357051476088287e-01 9.688622030859073142e-02 3.239734040351477384e-01 4.139888926451004147e-01
1.000000000000000000e+00 -9.999999999999999673e+98 6.897774967784184863e-01 3.147759779107407452e-01 3.522844461582058662e-01 6.814959528032971114e-02
1.000000000000000000e+00 -9.999999999999999673e+98 2.078514766182595341e-01 4.161189400357697687e-01 4.021640490886735364e-01 8.615189835703338517e-01
1.000000000000000000e+00 -9.999999999999999673e+98 6.440929370185057845e-01 7.944482104326009431e-01 8.643954118730078351e-01 4.783732137646909965e-01
1.000000000000000000e+00 -9.999999999999999673e+98 7.117487934151615070e-01 4.599187127243976603e-01 1.618947986944452300e-01 9.615525126571994319e-01
1.000000000000000000e+00 -9.999999999999999673e+98 1.868097138540958380e-02 7.251960885213249997e-01 5.399939034476851640e-01 2.873376185939047200e-01
1.000000000000000000e+00 -9.999999999999999673e+98 3.394351748140167491e-02 2.632122246835933987e-01 2.129504622234090760e-01 9.133977007498331746e-01
1.000000000000000000e+00 -9.999999999999999673e+98 9.740188776646406810e-01 1.656073368191932627e-01 4.345546405013749336e-01 9.013904199484048529e-01
1.000000000000000000e+00 -9.999999999999999673e+98 2.123892392117002759e-01 5.972763917595649286e-01 1.068043253257913161e-01 2.581932850706992744e-01
1.000000000000000000e+00 -9.999999999999999673e+98 7.286443104176251184e-01 2.577068312434582786e-02 9.921355649673110344e-01 6.699104181815482839e-01
1.000000000000000000e+00 -9.999999999999999673e+98 4.950322359529342187e-01 8.824106913291213106e-01 3.158177786670598453e-01 4.515709274895115533e-01
1.000000000000000000e+00 -9.999999999999999673e+98 6.340982347953199039e-01 6.134868955261920664e-01 9.439032127504165537e-02 3.582414063420064076e-01
1.000000000000000000e+00 -9.999999999999999673e+98 6.928896604782883717e-01 7.728562241071991190e-01 8.296553638950155962e-01 8.448906031750597068e-01
1.000000000000000000e+00 -9.999999999999999673e+98 4.419047343460059674e-01 4.476215392962937800e-01 8.419118749476286467e-01 5.303070178699395010e-01
1.000000000000000000e+00 -9.999999999999999673e+98 9.572223636794237045e-01 7.119439959602276158e-01 1.286151140788214242e-01 1.621474298128047220e-01
1.000000000000000000e+00 -9.999999999999999673e+98 7.119981157964182517e-01 7.579791661176745743e-01 4.047141101512580219e-01 4.421863007979967009e-01
1.000000000000000000e+00 -9.999999999999999673e+98 5.829496603391929321e-01 2.129923998786362738e-01 5.084939688225672549e-01 5.288763271729743920e-01
1.000000000000000000e+00 -9.999999999999999673e+98 7.918676608267470884e-01 6.215907409525922578e-01 1.524410068094783632e-01 2.953281907771676540e-02
1.000000000000000000e+00 -9.999999999999999673e+98 1.299334667330274140e-01 8.877950111544399281e-01 2.574516093981297216e-01 3.639519397881443297e-01
1.000000000000000000e+00 -9.999999999999999673e+98 2.227603380785946330e-01 6.420316821471195867e-01 7.661671293907589275e-01 9.057807652426891343e-01
1.000000000000000000e+00 -9.999999999999999673e+98 7.788239728031776110e-02 3.291965659235055464e-01 3.771139474141688153e-01 3.846328474849554091e-01
1.000000000000000000e+00 -9.999999999999999673e+98 2.705897600659435964e-01 9.010315615460422478e-01 3.698070864546321168e-01 5.784610741304204717e-01
1.000000000000000000e+00 -9.999999999999999673e+98 3.689736859701627791e-01 6.827964219038884508e-01 8.568629952372782688e-01 7.783318270837654707e-01
1.000000000000000000e+00 -9.999999999999999673e+98 8.869412403711499637e-01 6.882770449949926483e-01 4.954008993279960249e-01 7.366379471637047871e-01
1.000000000000000000e+00 -9.999999999999999673e+98 6.785282169364648119e-02 2.563700671412149079e-01 2.643152325826866322e-01 6.081801599988537754e-01
1.000000000000000000e+00 -9.999999999999999673e+98 7.201510342740702342e-01 1.209169742853988261e-01 8.668332247252759082e-01 3.140981040534240876e-02
1.000000000000000000e+00 -9.999999999999999673e+98 1.496247650161074416e-01 9.750593214676013254e-01 8.774996402123180772e-01 7.254070965316062880e-01
1.000000000000000000e+00 -9.999999999999999673e+98 5.146861142128557054e-01 2.855136868315131249e-01 2.398538354074314372e-01 5.565157177013591028e-01
1.000000000000000000e+00 -9.999999999999999673e+98 3.737923796610136407e-01 7.722960931688011010e-01 1.201473937927137747e-01 5.691399234743267366e-01
1.000000000000000000e+00 -9.999999999999999673e+98 1.901713322326942235e-01 6.145630485446172964e-01 7.434874649975379279e-01 4.932685132879176537e-01
1.000000000000000000e+00 -9.999999999999999673e+98 3.075385349918086098e-01 4.037471462722154181e-01 7.091784572414694399e-01 5.143546113271162401e-01
1.000000000000000000e+00 -9.999999999999999673e+98 3.754606257656820656e-01 6.229087234681901508e-01 4.247057396555348197e-01 2.529648342550472329e-02
1.000000000000000000e+00 -9.999999999999999673e+98 8.138305570814773349e-01 9.158341661600771788e-01 8.947995379315134556e-01 6.480629822053671774e-01
1.000000000000000000e+00 -9.999999999999999673e+98 6.155588604892052729e-01 6.181495953341543670e-01 8.659724896578492315e-01 6.646039403556968095e-01
1.000000000000000000e+00 -9.999999999999999673e+98 5.979418736532239320e-01 4.896556793666400065e-01 5.586699761437805556e-01 4.900928569732834195e-01
1.000000000000000000e+00 -9.999999999999999673e+98 2.029082824699535159e-02 8.742603916598135072e-02 1.357679399078105531e-01 9.766655432497957090e-01
1.000000000000000000e+00 -9.999999999999999673e+98 6.827510313101079475e-01 2.235990762841789659e-01 4.342961425286857580e-01 8.015732976745140181e-01
1.000000000000000000e+00 -9.999999999999999673e+98 2.338543280592683127e-01 9.095438975207177368e-01 1.236086769077915370e-02 9.208820578441160309e-01
1.000000000000000000e+00 -9.999999999999999673e+98 7.105029820605278656e-01 2.428953499241616187e-01 3.805421376058462091e-01 4.678593092156111410e-01
1.000000000000000000e+00 -9.999999999999999673e+98 6.406363936198213871e-01 2.359517562250844636e-01 3.312393886449861435e-01 2.225475923364144126e-01
1.000000000000000000e+00 -9.999999999999999673e+98 8.433127325300495691e-01 6.670068184070599981e-01 6.382417626315156634e-01 1.701572097456915955e-03
1.000000000000000000e+00 -9.999999999999999673e+98 1.066166096822351861e-01 1.504636495015150288e-01 3.931820519713914441e-01 7.816869916828544929e-01
1.000000000000000000e+00 -9.999999999999999673e+98 3.816700405332154045e-01 1.350799173918348917e-01 2.879043830892374922e-01 2.945003218674557832e-01
1.000000000000000000e+00 -9.999999999999999673e+98 9.436944448183481882e-02 9.145415497530414717e-01 7.768954162957003584e-01 5.246650568531842085e-01
1.000000000000000000e+00 -9.999999999999999673e+98 6.419141984703894410e-01 5.889270136208279993e-02 7.214617341415264784e-01 4.884083803413521441e-01
1.000000000000000000e+00 -9.999999999999999673e+98 2.295681878673863086e-01 7.893778913998893421e-01 4.298305872063995503e-01 1.519622915134722918e-01
1.000000000000000000e+00 -9.999999999999999673e+98 7.581900238633917377e-01 9.036809308209159397e-03 5.641791573214035571e-01 5.774258461414535359e-01
1.000000000000000000e+00 -9.999999999999999673e+98 4.522643475722423201e-01 2.429334141847010464e-01 3.728541918963197421e-01 8.137845821166193039e-01
1.000000000000000000e+00 -9.999999999999999673e+98 3.433411464636620947e-01 9.358949404275063166e-03 4.735837743163603397e-01 3.981251575106979912e-01
1.000000000000000000e+00 -9.999999999999999673e+98 2.579873990197460998e-01 4.619646471607059546e-01 5.256063145850143892e-01 6.725026541410743519e-01
1.000000000000000000e+00 -9.999999999999999673e+98 6.408745505085341465e-01 5.757738416658098046e-02 4.967678225439103867e-01 4.650876675471863342e-01
1.000000000000000000e+00 -9.999999999999999673e+98 1.589101474200542707e-01 5.121496957595434996e-01 8.895433628426756556e-01 4.096502282088455571e-01
1.000000000000000000e+00 -9.999999999999999673e+98 3.930527015828766402e-02 6.653197315304151260e-01 7.766740803644369695e-01 7.937676954299457410e-01
1.000000000000000000e+00 -9.999999999999999673e+98 3.327790897177038687e-01 8.002606189580627749e-01 1.651343907216160645e-01 1.581213219799236791e-01
1.000000000000000000e+00 -9.999999999999999673e+98 2.102476338087770902e-01 4.655890630980151768e-01 9.256897974263963436e-01 3.993468755036139184e-01
1.000000000000000000e+00 -9.999999999999999673e+98 5.471136740754261041e-01 1.156162965201478210e-01 9.700615518625397282e-01 2.529709813499100290e-01
1.000000000000000000e+00 -9.999999999999999673e+98 4.530839628906497829e-01 7.961953335756852823e-01 5.526515436080683408e-01 7.704260751822645803e-01
1.000000000000000000e+00 -9.999999999999999673e+98 3.644049984156116917e-01 7.008546181932844288e-01 1.418288854343811023e-01 4.770213539931690283e-01
1.000000000000000000e+00 -9.999999999999999673e+98 3.717432193130835172e-01 4.006116742726124613e-01 9.807026655491207778e-01 5.396531927494896408e-01
1.000000000000000000e+00 -9.999999999999999673e+98 3.381937329576252260e-01 9.596203226065314063e-02 6.274116226305122002e-01 6.659193727423624587e-01
1.000000000000000000e+00 -9.999999999999999673e+98 3.789757926500398888e-01 7.562417047728559050e-01 6.825925458754328323e-01 4.177850832303520168e-01
1.000000000000000000e+00 -9.999999999999999673e+98 9.428106555605408889e-01 4.803121293407305314e-01 9.788996223364054838e-02 1.523497406370303286e-01
1.000000000000000000e+00 -9.999999999999999673e+98 2.857277976905101546e-01 4.509554063621373787e-01 3.316702142416971810e-03 3.342835500477447930e-02
1.000000000000000000e+00 -9.999999999999999673e+98 3.074235249044374729e-01 4.869027271659314149e-01 3.232628350450463817e-01 4.884139797829630814e-01
1.000000000000000000e+00 -9.999999999999999673e+98 7.949931483477816752e-01 4.116548005968467816e-01 8.981846463194842478e-01 7.908641813725670877e-01
1.000000000000000000e+00 -9.999999999999999673e+98 9.557809465123121573e-01 3.222528979805709959e-01 5.075812579639260580e-02 1.900247122660750909e-01
1.000000000000000000e+00 -9.999999999999999673e+98 9.969359077661378299e-01 4.107505702664924208e-01 3.598581712123188892e-01 1.742828548358619223e-01
1.000000000000000000e+00 -9.999999999999999673e+98 3.089563883450606729e-01 4.581792498800574265e-01 3.181798758285339090e-01 8.400815794994138663e-01
1.000000000000000000e+00 -9.999999999999999673e+98 8.524915883399357686e-01 3.781247325045403729e-01 8.598830996427578865e-01 8.707780992068062664e-01
1.000000000000000000e+00 -9.999999999999999673e+98 8.062411496292676283e-02 3.726958982451711311e-01 4.275195033735360584e-01 9.388020146671874899e-01
1.000000000000000000e+00 -9.999999999999999673e+98 1.323843189214887195e-01 7.321471896183134875e-01 3.804053993798477418e-01 7.504594303232623442e-01
1.000000000000000000e+00 -9.999999999999999673e+98 3.812934757273316322e-01 5.604447855027050451e-01 7.326360324722138717e-01 4.601701256845524002e-01
1.000000000000000000e+00 -9.999999999999999673e+98 6.950189214817577010e-01 6.092937425728055523e-01 5.858030774770059956e-01 8.508280699050819740e-01
1.000000000000000000e+00 -9.999999999999999673e+98 2.157362601803719526e-01 3.412110566194310746e-01 5.689302590032634388e-01 2.857337598639002607e-01
1.000000000000000000e+00 -9.999999999999999673e+98 2.112658144792647352e-01 1.044114714616465323e-01 2.914697647291515370e-01 3.872170962284231521e-01
1.000000000000000000e+00 -9.999999999999999673e+98 1.537970228696317054e-02 1.108246812572221129e-01 6.345772599818637616e-01 5.395240228297717433e-01
1.000000000000000000e+00 -9.999999999999999673e+98 2.127543829796257890e-01 3.553608933057909036e-01 2.852606633325583951e-01 4.105355377718875598e-01
1.000000000000000000e+00 -9.999999999999999673e+98 6.548781530718850163e-01 4.959921487445293486e-01 3.745634829466329974e-01 7.930741287334106548e-01
1.000000000000000000e+00 -9.999999999999999673e+98 5.651761392779890425e-01 1.773597740935811684e-01 2.714098956450526900e-01 2.572756053757113692e-01
1.000000000000000000e+00 -9.999999999999999673e+98 8.967738914280604101e-01 9.647154174688374884e-01 9.270966950325686406e-01 6.284878989615884093e-01
1.000000000000000000e+00 -9.999999999999999673e+98 3.557171949164452673e-01 2.398231918925738393e-01 4.230129279952277166e-02 6.012040503046512940e-01
1.000000000000000000e+00 -9.999999999999999673e+98 9.776153615169578259e-01 9.825117502451580220e-01 9.949860112280245472e-01 5.368393537922162562e-01
1.000000000000000000e+00 -9.999999999999999673e+98 3.266362995419914705e-01 2.548560474343736226e-01 3.270516071152770321e-01 3.982275679432591975e-01
1.000000000000000000e+00 -9.999999999999999673e+98 1.776579695409512549e-01 2.888241774527292582e-01 5.158158039528375483e-01 5.008501761410665276e-01
1.000000000000000000e+00 -9.999999999999999673e+98 2.746914123706114541e-01 2.340195887602921632e-01 5.523803708383313582e-01 6.906434104409501229e-01
1.000000000000000000e+00 -9.999999999999999673e+98 1.839165716369024484e-01 7.178954756241169299e-01 4.820759680844890482e-01 3.102043730111523345e-01
1.000000000000000000e+00 -9.999999999999999673e+98 9.347717021282563321e-01 1.906558926293731027e-01 9.373263333021811805e-01 7.962193971056041875e-01
1.000000000000000000e+00 -9.999999999999999673e+98 6.894038424480309901e-01 5.168256799572422677e-01 2.810291072293010783e-01 3.196864398070766722e-01
1.000000000000000000e+00 -9.999999999999999673e+98 1.092735667661245413e-01 1.944777004233136930e-01 6.313779525819308569e-01 4.511398115036073797e-01
1.000000000000000000e+00 -9.999999999999999673e+98 1.278001173628608989e-01 3.559020235576207947e-01 3.170179934716030878e-01 9.080972135837248604e-01
1.000000000000000000e+00 -9.999999999999999673e+98 7.169057937476966957e-01 8.682627181559277041e-01 6.273954348213992560e-01 7.129927007013403539e-01
1.000000000000000000e+00 -9.999999999999999673e+98 9.892749502332909284e-02 4.507401528503208743e-01 8.313716892287735805e-01 7.788468265266972335e-01
1.000000000000000000e+00 -9.999999999999999673e+98 7.430946031880800717e-01 5.748744894649763237e-01 7.692208876894891523e-01 6.792709052037840811e-01
1.000000000000000000e+00 -9.999999999999999673e+98 8.771222972714377564e-01 6.364568365780902681e-01 4.040009939170443598e-01 3.536391472420002957e-01
1.000000000000000000e+00 -9.999999999999999673e+98 3.293547787754880218e-02 8.249276116023417371e-01 4.891200071831003360e-02 1.665765723009412502e-01
1.000000000000000000e+00 -9.999999999999999673e+98 8.307377944595217834e-01 6.547950916938989341e-01 6.084728063493672900e-01 9.292045034212781385e-01
1.000000000000000000e+00 -9.999999999999999673e+98 7.425958108676766756e-01 7.621313435551753113e-01 9.072778557570556623e-01 4.246029524742972461e-01
1.000000000000000000e+00 -9.999999999999999673e+98 6.330970841456929898e-01 7.777609809297457710e-01 9.758862067469966650e-01 2.436942378422451982e-01
1.000000000000000000e+00 -9.999999999999999673e+98 1.098338058677039708e-02 2.220089560869873413e-01 1.282468555349867145e-01 3.110538370230119254e-01
1.000000000000000000e+00 -9.999999999999999673e+98 7.757217088432011298e-01 5.113036269139631385e-01 1.830363152394920423e-01 7.435234194225189830e-01
1.000000000000000000e+00 -9.999999999999999673e+98 4.671294585771892383e-01 8.490762471979962367e-02 1.464050909016686441e-01 9.980057659134299319e-01
1.000000000000000000e+00 -9.999999999999999673e+98 3.154518083040919185e-01 9.668120897473664321e-01 3.696284551962503162e-01 9.219747484087937872e-01
1.000000000000000000e+00 -9.999999999999999673e+98 8.635023533729454526e-01 5.568417238787418677e-01 6.737753892346121098e-02 2.827958460856406786e-01
1.000000000000000000e+00 -9.999999999999999673e+98 8.650594359038192849e-01 1.801746054809704178e-01 3.978531033229182334e-01 4.602779269589067912e-01
1.000000000000000000e+00 -9.999999999999999673e+98 1.761457898224552121e-01 9.940065368574234617e-01 8.450769736169441160e-01 7.560784283069499345e-01
1.000000000000000000e+00 -9.999999999999999673e+98 8.779822121712774763e-01 6.320574994727324869e-01 7.959723402180776120e-01 8.687369744648132386e-01
1.000000000000000000e+00 -9.999999999999999673e+98 9.830998048441745851e-01 1.177725733416412623e-02 7.349805087205505405e-01 3.753321418576038848e-01
1.000000000000000000e+00 -9.999999999999999673e+98 4.522231175702744466e-01 6.056727255340023097e-01 9.085870911328882693e-01 6.238118011243837246e-01
1.000000000000000000e+00 -9.999999999999999673e+98 1.016551834769463536e-02 5.862512114215012726e-02 8.524715867864324226e-01 4.017082904036333169e-01
1.000000000000000000e+00 -9.999999999999999673e+98 5.906073326793080946e-01 8.208623000770159939e-01 1.430893398892649770e-01 2.709025766979905603e-01
1.000000000000000000e+00 -9.999999999999999673e+98 9.779702370010485701e-01 5.524948861174695525e-01 1.336762191922155063e-01 3.770562740029299587e-01
1.000000000000000000e+00 -9.999999999999999673e+98 4.570726341662085801e-01 4.999935162934191490e-01 6.359581510038796459e-01 8.780120296230934374e-01
1.000000000000000000e+00 -9.999999999999999673e+98 7.880836453659167962e-01 4.337436448611121653e-01 6.493704897810508303e-01 1.104197947756605513e-01
1.000000000000000000e+00 -9.999999999999999673e+98 2.335444757443180253e-01 4.041438228882581196e-01 1.125263284084645488e-01 6.101955335829212235e-01
1.000000000000000000e+00 -9.999999999999999673e+98 6.013407469016981421e-01 1.329629969470430551e-01 4.653136692544523889e-02 1.864149920339057687e-01
1.000000000000000000e+00 -9.999999999999999673e+98 4.916625855823630875e-02 9.620266094182348127e-01 8.510277019536865994e-01 3.153495867958638899e-01
1.000000000000000000e+00 -9.999999999999999673e+98 1.937667809037210143e-01 9.600547388735806154e-01 5.896698982632230246e-01 7.563587057237987077e-01
1.000000000000000000e+00 -9.999999999999999673e+98 3.106780342523984828e-03 9.215769030397646944e-01 5.008993012696986158e-01 9.409434611682497840e-01
1.000000000000000000e+00 -9.999999999999999673e+98 8.422592597645414125e-01 6.591754776701876928e-01 5.631187482700655833e-01 6.001753720550160320e-01
1.000000000000000000e+00 -9.999999999999999673e+98 3.934073832225452039e-01 3.875002037522260467e-01 8.375383473952889846e-01 2.524156238567404342e-01
1.000000000000000000e+00 -9.999999999999999673e+98 4.342124246182850200e-01 7.054641494467478458e-01 2.493718256462892358e-01 4.252888123791147557e-01
1.000000000000000000e+00 -9.999999999999999673e+98 3.951170464437969709e-01 4.859460208012923443e-01 1.307562138323853373e-01 6.075313933112495013e-01
1.000000000000000000e+00 -9.999999999999999673e+98 2.849546229887017779e-01 2.018776256310028661e-01 5.472828432553150657e-01 4.099346021519443273e-01
1.000000000000000000e+00 -9.999999999999999673e+98 6.008795440136439625e-01 5.811916653075147599e-01 5.701271059940015151e-01 4.449040393437682095e-01
1.000000000000000000e+00 -9.999999999999999673e+98 2.937626369178266694e-01 3.733558961401666210e-01 6.112422699474043819e-01 9.932005185792820434e-01
1.000000000000000000e+00 -9.999999999999999673e+98 9.537898791575095681e-01 5.176390864167115247e-01 3.417326327793261953e-01 7.297980196885366366e-01
1.000000000000000000e+00 -9.999999999999999673e+98 1.505439911167860689e-01 1.521616500302993558e-01 6.615840471387741673e-01 1.673175113867971797e-01
1.000000000000000000e+00 -9.999999999999999673e+98 2.964675191136555421e-01 9.594540400164486282e-02 3.058298007347197700e-01 2.457427316311494581e-01
1.000000000000000000e+00 -9.999999999999999673e+98 3.745357250573224661e-01 7.905547402745977115e-01 1.382208766853172399e-01 9.539149469137975235e-01
1.000000000000000000e+00 -9.999999999999999673e+98 9.587931548607614429e-01 3.322013807538175545e-01 9.684774878060957715e-01 8.869450077069974681e-01
1.000000000000000000e+00 -9.999999999999999673e+98 8.006532475840530960e-01 7.865556425580366717e-01 7.208741424756074379e-01 6.743520518214599635e-01
1.000000000000000000e+00 -9.999999999999999673e+98 8.854476742237102904e-01 3.863868651660445908e-01 5.766916678225124659e-01 8.353611188273322163e-01
1.000000000000000000e+00 -9.999999999999999673e+98 7.297801221245393544e-01 7.165024459917621602e-01 2.150037234327795144e-02 9.060096726534059286e-01
1.000000000000000000e+00 -9.999999999999999673e+98 3.603701269498940096e-01 8.700021423602978254e-01 8.997891678063341114e-02 6.444828871229918432e-01
1.000000000000000000e+00 -9.999999999999999673e+98 4.505382832545975491e-01 9.944198484339165089e-01 7.314049906584355609e-01 1.852023437958575380e-01
1.000000000000000000e+00 -9.999999999999999673e+98 7.658842251488763297e-01 7.246769800765771041e-01 5.429581664489359083e-01 8.359848859634990692e-01
1.000000000000000000e+00 -9.999999999999999673e+98 9.216720082812023263e-01 4.980405459188785855e-02 7.637400545094719106e-01 4.777154047178111540e-01
1.000000000000000000e+00 -9.999999999999999673e+98 7.994411645915522335e-03 4.620647603574690176e-02 7.260702408548591613e-01 5.373851354399383773e-02
1.000000000000000000e+00 -9.999999999999999673e+98 5.155256085717261350e-01 1.800957557069081671e-01 2.310454532339841771e-01 5.436670906788546587e-01
1.000000000000000000e+00 -9.999999999999999673e+98 4.257346550711861299e-01 9.578939581945798976e-01 7.964751471001918492e-01 7.698082554380444309e-01
1.000000000000000000e+00 -9.999999999999999673e+98 6.257830042275968063e-01 4.651789093336344827e-01 4.140695209891064321e-01 3.701712394144999196e-01
1.000000000000000000e+00 -9.999999999999999673e+98 3.829388783771162652e-01 6.679865515797291931e-01 6.230951649318067220e-01 6.805132709332193386e-01
1.000000000000000000e+00 -9.999999999999999673e+98 8.352372315169424022e-01 6.235317924706588188e-01 2.363758353173452953e-01 7.786211385818532227e-01
1.000000000000000000e+00 -9.999999999999999673e+98 1.457431019630813784e-01 6.597015810177405681e-01 7.619669101537096534e-01 7.385439725839563208e-01
1.000000000000000000e+00 -9.999999999999999673e+98 1.239858833887340639e-01 3.004091586679177306e-01 3.169887353569778021e-02 9.827827855672411905e-01
1.000000000000000000e+00 -9.999999999999999673e+98 3.199020731880809487e-01 6.427184357202742060e-02 4.577178940059003498e-01 2.548360422184445806e-01
1.000000000000000000e+00 -9.999999999999999673e+98 6.444961573621462714e-01 9.541528128700492717e-01 7.606553103802931037e-01 1.828368253223411344e-03
1.000000000000000000e+00 -9.999999999999999673e+98 4.644105241965323927e-02 6.360637476357778874e-01 6.752742540776818236e-01 8.841340079723202239e-01
1.000000000000000000e+00 -9.999999999999999673e+98 6.434483635828049941e-01 8.345368018901727636e-01 7.775803423834535266e-01 4.683880527777606328e-02
1.000000000000000000e+00 -9.999999999999999673e+98 4.354114176336475461e-01 7.549144015260568219e-01 5.405567344731792012e-01 6.441157864055948590e-01
1.000000000000000000e+00 -9.999999999999999673e+98 1.820666625740624545e-01 9.752842216390883445e-01 3.663675363562379772e-01 9.990205240780396512e-01
1.000000000000000000e+00 -9.999999999999999673e+98 6.141582309716530075e-01 4.054572640639061420e-01 9.578149615668685168e-02 7.075906322113094671e-01
1.000000000000000000e+00 -9.999999999999999673e+98 9.441248207830078565e-01 1.449866299276147963e-01 8.431832447578332390e-01 4.391241358797437488e-02
1.000000000000000000e+00 -9.999999999999999673e+98 4.998491893665205632e-01 5.712876684037790920e-01 2.616764077360378415e-02 3.015128402021793885e-02
1.000000000000000000e+00 -9.999999999999999673e+98 1.036897076539304852e-01 8.321428771987221529e-01 9.328058689220796174e-01 1.939554840431756411e-02
1.000000000000000000e+00 -9.999999999999999673e+98 1.627559759612035029e-01 1.503983371868018448e-01 8.378863013410972060e-01 1.097071735057739694e-01
1.000000000000000000e+00 -9.999999999999999673e+98 1.515821150768086323e-01 7.613555263994298272e-01 4.302056370332482116e-01 7.160180269014662091e-01
1.000000000000000000e+00 -9.999999999999999673e+98 1.264274923424563157e-01 1.268627378364843850e-01 9.169739076116899534e-01 6.808875494978980925e-01
1.000000000000000000e+00 -9.999999999999999673e+98 2.901144984187485898e-01 5.714720976002618524e-02 3.930087436627849318e-02 8.999517089693380711e-01
1.000000000000000000e+00 -9.999999999999999673e+98 8.507091413211995690e-01 1.784469493741219770e-01 6.750528298415858774e-01 1.245405635905353359e-01
1.000000000000000000e+00 -9.999999999999999673e+98 8.383148150298836976e-01 8.122665366536916398e-01 9.605976339852760892e-01 2.821342109627718031e-01
1.000000000000000000e+00 -9.999999999999999673e+98 4.332628457530639521e-01 6.819904396874576502e-01 4.749961265238142882e-01 5.966124051198120615e-01
1.000000000000000000e+00 -9.999999999999999673e+98 1.133602994721094603e-03 4.890258464712726738e-01 7.493533977300936844e-02 1.290137181091836061e-01
1.000000000000000000e+00 -9.999999999999999673e+98 5.756826520816367143e-01 1.362976875310873970e-01 4.197371735097843448e-01 3.405861869279452891e-01
1.000000000000000000e+00 -9.999999999999999673e+98 2.088887082669315109e-01 6.575027514879441259e-01 2.401877030381052158e-01 8.445446338674037490e-01
1.000000000000000000e+00 -9.999999999999999673e+98 3.925896768706904627e-02 6.753721818643517727e-01 5.360705715285453143e-01 4.560568307675809674e-01
1.000000000000000000e+00 -9.999999999999999673e+98 4.432040552606342221e-01 5.221286864864107535e-01 3.070454931146041622e-01 1.197236994194238457e-01
1.000000000000000000e+00 -9.999999999999999673e+98 4.778250103067445131e-01 9.904757857706837365e-01 4.521846807424844128e-01 7.291077357323717534e-01
1.000000000000000000e+00 -9.999999999999999673e+98 4.247685876352823575e-01 2.009759258738863519e-02 8.136063593235358660e-01 3.922390626617588971e-02
1.000000000000000000e+00 -9.999999999999999673e+98 4.059691055901450962e-01 4.839971498810875516e-01 5.754558647934895355e-01 7.363095435023567781e-01
1.000000000000000000e+00 -9.999999999999999673e+98 5.689833777705399775e-01 1.303813353989156099e-01 6.399626575116321714e-01 5.701349562107732583e-01
1.000000000000000000e+00 -9.999999999999999673e+98 5.452959316990401151e-01 2.381133792447649444e-01 3.580730585708592484e-01 6.860934315774724901e-03
1.000000000000000000e+00 -9.999999999999999673e+98 4.661741968623149823e-01 6.938635687829232124e-01 8.585836775521969999e-01 3.560045404693761295e-01
1.000000000000000000e+00 -9.999999999999999673e+98 3.740101735156078355e-01 3.942359108327961881e-01 7.111194734643909721e-01 8.590786097536606825e-03
1.000000000000000000e+00 -9.999999999999999673e+98 9.444933529382966153e-01 4.712831157431828233e-01 1.102637678118086884e-01 1.566738099868594247e-01
1.000000000000000000e+00 -9.999999999999999673e+98 5.170385466387431572e-01 5.575166036021556026e-01 2.809290126124491804e-01 6.936361926064789074e-01
1.000000000000000000e+00 -9.999999999999999673e+98 8.245092791066095383e-01 3.192998294382486391e-01 9.831919385768227437e-01 4.141235909087136458e-01
1.000000000000000000e+00 -9.999999999999999673e+98 8.341256865627793005e-01 6.078569927197402523e-01 1.965168061714439585e-02 5.702094248690559031e-02
1.000000000000000000e+00 -9.999999999999999673e+98 5.899268670752282340e-01 8.426636769334734378e-01 2.700071724019424968e-01 8.550350450295259863e-01
1.000000000000000000e+00 -9.999999999999999673e+98 5.038279482435813472e-01 8.453377739413325820e-01 6.541690076930443132e-01 4.291572112432414654e-01
1.000000000000000000e+00 -9.999999999999999673e+98 9.282020553505431204e-01 3.252589759021207172e-03 2.328010304730173674e-01 4.404087880115644671e-01
1.000000000000000000e+00 -9.999999999999999673e+98 4.964953623688646012e-01 4.271441424631092776e-01 4.612895714649375423e-01 2.020587332947586523e-01
1.000000000000000000e+00 -9.999999999999999673e+98 6.302168449376686077e-01 5.001346940593772716e-01 7.325450872029062310e-01 4.120425396536491203e-01
1.000000000000000000e+00 -9.999999999999999673e+98 3.973207613000629967e-01 7.621280562421427485e-01 4.300993558381737136e-01 2.844150801457581146e-01
1.000000000000000000e+00 -9.999999999999999673e+98 8.148897597686136640e-01 1.657475011398369391e-01 2.207145473528435708e-01 6.063573555358863221e-01
1.000000000000000000e+00 -9.999999999999999673e+98 5.129400248094344583e-01 8.266409203368407788e-03 8.336134049475392160e-01 7.369474967873087534e-01
1.000000000000000000e+00 -9.999999999999999673e+98 9.966883591912314433e-01 9.397819673247918004e-01 6.849321222472004589e-02 2.162887150267145397e-01
1.000000000000000000e+00 -9.999999999999999673e+98 5.929961646181638457e-01 1.589992527014488788e-01 3.647467661357618463e-01 1.584716031905883948e-01
1.000000000000000000e+00 -9.999999999999999673e+98 7.217228615195008246e-01 1.051439485688043796e-02 6.500725186035490877e-01 2.632771145966581461e-01
1.000000000000000000e+00 -9.999999999999999673e+98 3.927744776528675485e-01 5.321037906441155041e-01 6.122735984209692894e-01 9.161826427590398225e-01
1.000000000000000000e+00 -9.999999999999999673e+98 7.921967535107624636e-01 8.341107203029256567e-01 9.458351019110637914e-01 3.435979415474099685e-02
1.000000000000000000e+00 -9.999999999999999673e+98 6.403041344511312127e-01 4.739088366271093644e-02 7.270240698576330152e-01 2.603705629059911431e-01
1.000000000000000000e+00 -9.999999999999999673e+98 8.592808220282213139e-01 2.001787031657814575e-01 8.650342638684496155e-01 4.184976801850167627e-01
1.000000000000000000e+00 -9.999999999999999673e+98 2.392784947344410718e-01 2.884448764676250665e-02 7.560770468775906972e-01 8.097373679859324325e-01
1.000000000000000000e+00 -9.999999999999999673e+98 5.014387240080621089e-01 5.873578058657202838e-02 2.170125191706997470e-01 2.726082744584440443e-01
1.000000000000000000e+00 -9.999999999999999673e+98 5.213697695952682620e-01 6.671173622383345103e-01 1.906653389238677221e-02 4.964620809349020725e-01
1.000000000000000000e+00 -9.999999999999999673e+98 2.961926721064088719e-01 4.301414952701423378e-01 2.268017552875318810e-01 8.923928289482456755e-01
1.000000000000000000e+00 -9.999999999999999673e+98 9.654524381409278488e-01 3.869026435034754741e-01 6.400877301241197914e-01 9.958141898732238984e-01
1.000000000000000000e+00 -9.999999999999999673e+98 2.662538575948717456e-01 8.698727054562483962e-01 2.493133142263389557e-01 4.431892289882067848e-01
1.000000000000000000e+00 -9.999999999999999673e+98 8.746657749797926984e-01 7.233650095207276864e-01 9.689095561858515060e-01 7.763651912505973307e-01
1.000000000000000000e+00 -9.999999999999999673e+98 5.081907528546323327e-01 8.681507269625263756e-01 6.090001788136342187e-01 2.733976297539530975e-01
1.000000000000000000e+00 -9.999999999999999673e+98 2.054197877933056082e-01 9.089807836797025864e-03 8.416354892914719166e-01 2.756042251987378400e-01
1.000000000000000000e+00 -9.999999999999999673e+98 5.194988822157344810e-01 1.057774975571764697e-01 3.269873038243814589e-01 8.160599513417688966e-01
1.000000000000000000e+00 -9.999999999999999673e+98 7.040054575646034207e-01 5.342804032623031940e-01 7.355565726446731123e-01 5.318361874029957637e-01
1.000000000000000000e+00 -9.999999999999999673e+98 2.176053047482450209e-01 1.936921671985829541e-01 7.468520546722020592e-01 9.868487961239649220e-01
1.000000000000000000e+00 -9.999999999999999673e+98 1.676033727875149149e-01 9.616674237230593558e-02 2.055428428300599686e-01 6.555275239234690243e-01
1.000000000000000000e+00 -9.999999999999999673e+98 9.460154621065819391e-01 9.765089386967006346e-01 4.548499469255197214e-01 7.858676581484282941e-01
1.000000000000000000e+00 -9.999999999999999673e+98 1.769221432603534927e-01 4.278354472357159821e-02 9.298207410625067837e-01 7.044188536758233532e-02
1.000000000000000000e+00 -9.999999999999999673e+98 9.022582205621532125e-01 6.341822867915065665e-01 4.679917333140176661e-01 1.473091004500692858e-01
1.000000000000000000e+00 -9.999999999999999673e+98 2.620559145224032882e-02 6.610914249482329197e-01 7.389537282323804801e-01 4.418030490687330225e-02
1.000000000000000000e+00 -9.999999999999999673e+98 8.715343396907931917e-01 8.307395986050500891e-01 6.161953985840433745e-01 5.272275132663677422e-01
1.000000000000000000e+00 -9.999999999999999673e+98 9.138835176050097431e-01 4.385035154072376429e-01 9.397821102888858080e-01 9.983596968693430052e-01
1.000000000000000000e+00 -9.999999999999999673e+98 9.470046587182225917e-01 8.817802891673748311e-01 2.197226845633202252e-01 1.728091764070925906e-01
1.000000000000000000e+00 -9.999999999999999673e+98 3.934750862792015802e-01 8.204037645152321145e-01 7.365514341624903594e-01 2.728572141967540166e-01
1.000000000000000000e+00 -9.999999999999999673e+98 3.030101264501483538e-02 1.374956374778912860e-01 9.303072031925292418e-01 4.253172951959449666e-02
1.000000000000000000e+00 -9.999999999999999673e+98 2.984625526160832321e-01 5.690550258031956687e-02 6.651201950673444330e-01 1.402438596456146991e-01
1.000000000000000000e+00 -9.999999999999999673e+98 4.656536834545066394e-02 8.532182818172774352e-01 1.905420868120261124e-01 8.923314477121879751e-01
1.000000000000000000e+00 -9.999999999999999673e+98 5.508693878071282413e-01 2.549047134396398295e-02 8.152210725011025394e-01 4.201297050968474389e-01
1.000000000000000000e+00 -9.999999999999999673e+98 6.414697938682932810e-01 7.168334476598094973e-01 9.673256354303584326e-01 9.548094176445700576e-01
1.000000000000000000e+00 -9.999999999999999673e+98 5.523005747902809404e-01 6.726396972102207661e-01 9.025133658241069057e-02 4.448117543779519512e-01
1.000000000000000000e+00 -9.999999999999999673e+98 4.680394764603353908e-01 9.679606101225579629e-02 2.838044192474178384e-01 2.457326201599008275e-02
1.000000000000000000e+00 -9.999999999999999673e+98 1.581757007653949998e-03 2.053140144052969518e-01 2.772392571530480909e-01 3.733548618092202842e-01
1.000000000000000000e+00 -9.999999999999999673e+98 6.771296072931831667e-01 7.196622470214852907e-01 7.586127075225017613e-01 9.068925325102594748e-02
1.000000000000000000e+00 -9.999999999999999673e+98 7.267677099317254585e-01 6.121549460292313727e-01 6.332384592663974354e-01 8.316264040613141617e-01
1.000000000000000000e+00 -9.999999999999999673e+98 9.281117835001232441e-01 2.907865061257977057e-01 4.224392458600960687e-01 2.386706025960442235e-01
1.000000000000000000e+00 -9.999999999999999673e+98 8.321436187359634307e-01 3.073585893651800127e-01 5.098175573724750276e-01 4.713817100868927801e-01
1.000000000000000000e+00 -9.999999999999999673e+98 8.454686551845015385e-01 7.322054302176301821e-01 6.594402119120534866e-01 5.833007278959828623e-01
1.000000000000000000e+00 -9.999999999999999673e+98 2.464008347706924118e-01 3.898450559286918971e-01 4.119841155860617388e-01 3.855896259625988254e-01
1.000000000000000000e+00 -9.999999999999999673e+98 7.080877661107923826e-01 6.527481122751879195e-01 3.945668387601534155e-01 1.112508252979023116e-01
1.000000000000000000e+00 -9.999999999999999673e+98 3.554579867820759631e-01 5.891261225543529267e-01 2.186413773608275601e-01 6.527396879223997805e-01
1.000000000000000000e+00 -9.999999999999999673e+98 8.400054331169148902e-02 4.960696357450918859e-01 3.325223873196068158e-01 6.170640123998001325e-01
1.000000000000000000e+00 -9.999999999999999673e+98 7.417895529891135320e-01 3.576216034965179480e-01 1.850403826085866843e-01 2.431536312151229007e-01
1.000000000000000000e+00 -9.999999999999999673e+98 1.053759880186817544e-01 5.269160367196245032e-01 5.349135523475154752e-01 7.373331306432084897e-02
1.000000000000000000e+00 -9.999999999999999673e+98 8.475811112801511227e-01 7.618750217864900254e-02 2.188259309116598050e-01 1.408259999586379818e-01
1.000000000000000000e+00 -9.999999999999999673e+98 2.630178148353392587e-01 5.859360513823530514e-02 8.287684413667427696e-01 6.569794201767120700e-01
1.000000000000000000e+00 -9.999999999999999673e+98 5.565643160945078494e-01 3.651952112276415363e-01 4.311032951908041477e-01 2.601960867338286576e-01
1.000000000000000000e+00 -9.999999999999999673e+98 2.701666369315576244e-01 1.902311993298962944e-01 8.484775610087536002e-03 5.706013427321720011e-01
1.000000000000000000e+00 -9.999999999999999673e+98 3.355767748244614657e-01 2.189777878258514221e-02 1.114915530167240876e-01 3.045670085566167806e-01
1.000000000000000000e+00 -9.999999999999999673e+98 5.718382737158177465e-01 1.006697499891502368e-01 8.621666523011497496e-01 6.175095470382859775e-01
1.000000000000000000e+00 -9.999999999999999673e+98 6.239523296283244758e-02 6.857793471284652220e-01 1.220905353689738515e-02 5.363147009347468686e-01
1.000000000000000000e+00 -9.999999999999999673e+98 5.959687943307301339e-01 1.999438419712340487e-01 2.456044937859234167e-01 8.962060182414819387e-01
1.000000000000000000e+00 -9.999999999999999673e+98 1.096893618699299466e-01 3.326053629739912365e-01 6.693535153407182969e-01 9.930090963370090673e-01
1.000000000000000000e+00 -9.999999999999999673e+98 9.645107629191416176e-01 4.917975336692484989e-01 4.394886863330738080e-02 7.793134908555233720e-01
1.000000000000000000e+00 -9.999999999999999673e+98 1.487628393362427914e-01 9.458022354004443910e-01 8.376907981750584264e-01 9.840602833899758650e-03
1.000000000000000000e+00 -9.999999999999999673e+98 3.599835238869678600e-01 1.688647013831644506e-01 2.365560112765393574e-01 9.493622215371037010e-01
1.000000000000000000e+00 -9.999999999999999673e+98 1.908506949846772160e-01 5.269922715033464877e-01 2.243141358244998829e-01 5.558233892476402982e-01
1.000000000000000000e+00 -9.999999999999999673e+98 1.048905529729748931e-01 6.447922167587475384e-01 6.993181135456221220e-01 2.452778369792344426e-01
1.000000000000000000e+00 -9.999999999999999673e+98 9.607909143162334242e-01 2.200914894632859387e-01 7.009546110907796113e-01 7.306434094701430570e-01
1.000000000000000000e+00 -9.999999999999999673e+98 2.468258287404756501e-01 2.273747690654444042e-01 2.533370649053112711e-02 8.206329880420589751e-01
1.000000000000000000e+00 -9.999999999999999673e+98 5.089588518226126901e-01 6.396377038373204371e-01 7.477505128645135501e-01 5.460692869523072757e-01
1.000000000000000000e+00 -9.999999999999999673e+98 9.100212798558153793e-01 9.227234800171003615e-01 4.711331842866881559e-01 7.558176476177050906e-01
1.000000000000000000e+00 -9.999999999999999673e+98 1.738229543735537730e-01 6.623836297465566236e-01 9.824802010628900240e-01 7.328967898650090573e-01
1.000000000000000000e+00 -9.999999999999999673e+98 7.956346104406589737e-01 8.957556405328580551e-01 7.757283468262308190e-01 9.171689044739317342e-01
1.000000000000000000e+00 -9.999999999999999673e+98 2.453695914818798673e-02 3.034782582274712093e-01 5.256260586526464440e-01 8.947162351758057852e-01
1.000000000000000000e+00 -9.999999999999999673e+98 2.630445794596425468e-01 5.447767236731587692e-01 4.422076084125513562e-01 8.991606799225019264e-01
1.000000000000000000e+00 -9.999999999999999673e+98 9.199346903362023431e-01 7.915691044230045437e-01 6.999025225272820228e-01 3.705483637186104406e-01
1.000000000000000000e+00 -9.999999999999999673e+98 9.656044451852335841e-01 4.045087796376086731e-01 6.659028451201871590e-01 2.495612848078995194e-01
1.000000000000000000e+00 -9.999999999999999673e+98 3.284972358676175874e-01 8.681766696043324849e-02 1.369293309807428916e-01 3.855739096627276430e-01
1.000000000000000000e+00 -9.999999999999999673e+98 4.306713504691833672e-01 8.447969341536646359e-01 5.850071674902248553e-01 3.880954901048527805e-02
1.000000000000000000e+00 -9.999999999999999673e+98 7.442538294388388875e-01 3.980153601140544728e-01 9.319405462869134738e-02 5.060480581871251715e-03
1.000000000000000000e+00 -9.999999999999999673e+98 9.925317813077390028e-01 7.204327357183895053e-01 2.233370672854615435e-01 1.548722183726167767e-01
1.000000000000000000e+00 -9.999999999999999673e+98 8.805966929212305505e-01 4.567677768066343846e-01 8.422467515254172810e-01 6.911429571065145216e-01
1.000000000000000000e+00 -9.999999999999999673e+98 7.785143154383870057e-01 1.586841186604118770e-01 2.846480602191964193e-01 4.698462736067450241e-01
1.000000000000000000e+00 -9.999999999999999673e+98 5.714261372194728850e-01 6.425930399629254941e-01 3.333088717729362216e-01 9.060194007660634652e-01
1.000000000000000000e+00 -9.999999999999999673e+98 5.831675702050514998e-01 8.735774531847562141e-01 7.533815486194546107e-01 2.083679454044683466e-01
1.000000000000000000e+00 -9.999999999999999673e+98 5.038651960837735588e-01 2.408624167907933433e-01 6.686786703494432826e-01 1.528532914846852941e-01
1.000000000000000000e+00 -9.999999999999999673e+98 4.386656688661160208e-01 3.440819399982771865e-01 9.813792846700676309e-01 2.349830655732618734e-01
1.000000000000000000e+00 -9.999999999999999673e+98 7.881491925359200845e-01 8.120418378771646628e-01 9.526434011211888375e-01 8.760985524056120743e-01
1.000000000000000000e+00 -9.999999999999999673e+98 7.895776097485781575e-01 4.372627172433527498e-01 9.096784342048391814e-02 1.129375160673357081e-01
1.000000000000000000e+00 -9.999999999999999673e+98 1.218547600899226868e-01 4.382035019689115574e-01 4.236232473542824728e-01 6.226680609337792438e-01
1.000000000000000000e+00 -9.999999999999999673e+98 6.889168169865456104e-01 8.623992121901259411e-01 4.749688832625230672e-01 2.051370600458934934e-01
1.000000000000000000e+00 -9.999999999999999673e+98 2.952993362499031216e-01 8.394271562166999434e-02 6.109974625337821763e-01 5.929342165445272705e-01
1.000000000000000000e+00 -9.999999999999999673e+98 6.404298939383752387e-01 7.154263336816657493e-02 6.539273151359322744e-01 9.642171073471456078e-01
1.000000000000000000e+00 -9.999999999999999673e+98 8.646747276073089017e-01 1.069220579170639951e-01 5.770971738006843710e-01 9.392139020927776638e-01
1.000000000000000000e+00 -9.999999999999999673e+98 3.778554330825805163e-01 9.069281287841028938e-01 7.570897236512112993e-01 1.741887117703105892e-01
1.000000000000000000e+00 -9.999999999999999673e+98 7.118411086828726475e-01 6.053816307856894063e-01 9.015984713863635092e-01 5.255420893119182590e-01
1.000000000000000000e+00 -9.999999999999999673e+98 2.365373594475373986e-01 2.200221067110156303e-01 2.953228697995095020e-01 2.505021493786973030e-01
1.000000000000000000e+00 -9.999999999999999673e+98 9.813572629661154734e-01 1.067874036354172773e-01 9.487307964018077966e-01 6.640276166335875585e-01
1.000000000000000000e+00 -9.999999999999999673e+98 4.641224565192569873e-01 5.134759653902888354e-01 3.333965516735576395e-01 3.016225945130444064e-01
1.000000000000000000e+00 -9.999999999999999673e+98 2.303700933156372921e-01 8.289462535828441281e-01 3.655609586767373242e-01 7.404122524763867563e-02
1.000000000000000000e+00 -9.999999999999999673e+98 4.474801450129098912e-01 3.449495270514151279e-01 7.615226710241155272e-01 5.100269134738755206e-01
1.000000000000000000e+00 -9.999999999999999673e+98 3.757562301841654850e-02 6.186629621843642290e-01 9.142370023197096129e-01 3.783517210848463819e-01
1.000000000000000000e+00 -9.999999999999999673e+98 8.277011659943424027e-01 5.505351137708526243e-01 6.214690639799982375e-01 2.588808621168359192e-02
1.000000000000000000e+00 -9.999999999999999673e+98 4.483517591068508779e-02 4.270418815255784262e-01 6.150895761215225965e-01 5.590078763820450769e-01
1.000000000000000000e+00 -9.999999999999999673e+98 8.670184463160085508e-01 9.011264069047901781e-01 7.326054883479504731e-02 4.191706028705063369e-01
1.000000000000000000e+00 -9.999999999999999673e+98 6.351173300903619756e-01 6.561382097664736346e-01 9.942661040170832631e-01 8.209929653902210411e-01
1.000000000000000000e+00 -9.999999999999999673e+98 1.381144314151071528e-01 3.631576568819803175e-01 1.732224880758163055e-01 4.756793867622499672e-02
1.000000000000000000e+00 -9.999999999999999673e+98 9.539540073107689588e-01 2.672307773698379130e-01 1.251726776180047684e-01 9.044888306217458984e-01
1.000000000000000000e+00 -9.999999999999999673e+98 3.646347192202625820e-02 7.070791747223713619e-01 6.389333248183095559e-01 1.286310429353674234e-01
1.000000000000000000e+00 -9.999999999999999673e+98 7.411028715501405406e-01 9.856859145889163010e-01 3.176625660777721016e-02 6.154111030734189525e-01
1.000000000000000000e+00 -9.999999999999999673e+98 6.645725545647215293e-01 6.431442652791762304e-01 5.968907273465177132e-01 8.711567439274069402e-01
1.000000000000000000e+00 -9.999999999999999673e+98 5.587726234981260642e-02 6.284931337173625954e-01 9.578214647427391037e-01 4.954818620992140765e-02
1.000000000000000000e+00 -9.999999999999999673e+98 8.859815619201009129e-01 1.249560955249845451e-01 5.059125333041700756e-01 8.686174562026314216e-01
1.000000000000000000e+00 -9.999999999999999673e+98 7.472422694073821425e-01 5.730413743639807267e-01 4.767443680705357734e-01 3.637621797469209328e-01
1.000000000000000000e+00 -9.999999999999999673e+98 4.433781752461168901e-01 6.426849242651148097e-01 5.370387616230951622e-01 6.767772519284824817e-01
1.000000000000000000e+00 -9.999999999999999673e+98 3.975054756830020963e-03 5.763756447639698521e-01 7.884527706707803452e-01 6.725396070655808023e-01
1.000000000000000000e+00 -9.999999999999999673e+98 7.124302808443834234e-01 9.499937656692376553e-01 3.618305900520863982e-01 5.436340806135764314e-02
1.000000000000000000e+00 -9.999999999999999673e+98 5.297849424960568987e-01 4.524880753079185691e-02 5.620742757597172456e-01 4.099786211362569377e-01
1.000000000000000000e+00 -9.999999999999999673e+98 4.395757095755840060e-01 3.727932073176635219e-01 8.645124732920909105e-01 3.745387944881164444e-01
1.000000000000000000e+00 -9.999999999999999673e+98 5.154790627199301589e-02 3.535917110562267762e-01 2.393169900321114874e-01 8.852159279387793456e-01
1.000000000000000000e+00 -9.999999999999999673e+98 5.924944750156930784e-01 8.808020954119933910e-01 9.889663540061605085e-01 5.562897946707126007e-01
1.000000000000000000e+00 -9.999999999999999673e+98 1.620512929217780007e-01 1.424917940374237357e-02 1.028087853563260934e-01 2.026963704182845882e-01
1.000000000000000000e+00 -9.999999999999999673e+98 8.570233133387806790e-01 6.769758044853296797e-01 5.140118810476080879e-01 8.680399263635322216e-01
1.000000000000000000e+00 -9.999999999999999673e+98 5.500951377169041034e-01 7.786278307407898946e-01 6.470686431739853806e-01 1.255391269234698015e-01
1.000000000000000000e+00 -9.999999999999999673e+98 8.597135241223408109e-02 2.714480137958702466e-01 7.001304775164318706e-01 8.903594007755424311e-01
1.000000000000000000e+00 -9.999999999999999673e+98 2.492743436086359843e-01 7.477502688901973560e-01 1.479808896311380906e-01 1.684671675424767034e-01
1.000000000000000000e+00 -9.999999999999999673e+98 9.463430546280025002e-01 7.087459388154027096e-01 5.224777905241044795e-01 9.609966761876727048e-01
1.000000000000000000e+00 -9.999999999999999673e+98 8.058028392488256753e-01 1.156564477495010124e-01 3.675623666156691005e-01 2.591471257184361221e-01
1.000000000000000000e+00 -9.999999999999999673e+98 5.154855382540507458e-01 3.386816456313574975e-01 7.602684648825057678e-01 6.909508330443292490e-01
1.000000000000000000e+00 -9.999999999999999673e+98 2.970491784176920724e-01 9.881106625099123075e-02 2.762770334871249567e-01 2.963497245076757158e-01
1.000000000000000000e+00 -9.999999999999999673e+98 1.759830537698969799e-02 4.948709621769368239e-01 1.243842039356517493e-01 9.887322990600079242e-01
1.000000000000000000e+00 -9.999999999999999673e+98 5.683416680121688991e-01 2.148044169556102556e-01 4.145229434023491866e-01 6.300781450412341611e-01
1.000000000000000000e+00 -9.999999999999999673e+98 9.545001147157293753e-01 5.882788184156764189e-01 6.506850096626957125e-01 5.604353777024837502e-01
1.000000000000000000e+00 -9.999999999999999673e+98 2.801853232092491597e-01 9.555356616251956536e-01 1.023102506878642570e-01 1.691070197982409429e-01
1.000000000000000000e+00 -9.999999999999999673e+98 3.256034278646640079e-01 4.115023624712312866e-01 4.441034847947089581e-02 1.922950247672869928e-01
1.000000000000000000e+00 -9.999999999999999673e+98 5.762896958775864942e-01 7.281763038319994941e-01 5.944503037992021621e-01 9.534827427450787152e-02
1.000000000000000000e+00 -9.999999999999999673e+98 6.644679407099709501e-01 3.306186639374887326e-01 5.360297456419834683e-01 7.704289466233549266e-01
1.000000000000000000e+00 -9.999999999999999673e+98 6.470289933510909863e-01 2.774485132877767546e-01 3.266885394163251410e-01 2.460667394456368395e-01
1.000000000000000000e+00 -9.999999999999999673e+98 5.866924149597976257e-01 9.306685495507299732e-01 8.925786274061020542e-02 6.712315860711159932e-01
1.000000000000000000e+00 -9.999999999999999673e+98 3.042658543915056635e-01 3.087631211696726385e-01 5.992409005975197767e-01 7.591984309034541800e-01
1.000000000000000000e+00 -9.999999999999999673e+98 8.658892288384809621e-01 7.190804262975006855e-01 6.822721896459397195e-01 4.237587006008014523e-02
1.000000000000000000e+00 -9.999999999999999673e+98 1.669075206783090515e-01 5.509909915839696914e-01 1.500552341477863205e-01 2.387469151477976670e-01
1.000000000000000000e+00 -9.999999999999999673e+98 3.732662282053869074e-01 6.666508316764564457e-01 7.115455861541263305e-01 1.608520210851520638e-01
1.000000000000000000e+00 -9.999999999999999673e+98 1.980001813845132519e-01 8.386900192771251650e-01 6.121233142188883258e-01 6.174479858478479910e-01
1.000000000000000000e+00 -9.999999999999999673e+98 9.390823609811460582e-02 2.612330288159199210e-01 8.843476410725810144e-01 3.199423921256616676e-02
1.000000000000000000e+00 -9.999999999999999673e+98 6.735807253621907131e-01 8.809754488937466821e-01 4.741111168241526341e-01 4.314566686053190603e-01
1.000000000000000000e+00 -9.999999999999999673e+98 7.369361995188756786e-01 7.275591018214124794e-01 9.564925987544851127e-01 3.978884838193383899e-01
1.000000000000000000e+00 -9.999999999999999673e+98 7.092217451468920686e-01 6.994068525789024493e-01 5.512123451290331655e-01 5.794502223453489309e-01
1.000000000000000000e+00 -9.999999999999999673e+98 1.616351950034555784e-02 1.496719905385265337e-01 4.764161576505577811e-01 4.451194351179138531e-01
1.000000000000000000e+00 -9.999999999999999673e+98 3.655079817134899711e-01 3.249864652044885949e-01 7.562266864782141162e-02 7.921334966060015192e-01
1.000000000000000000e+00 -9.999999999999999673e+98 1.250333170809769801e-02 1.980861179554613827e-01 5.724551842521723444e-01 6.263311032438029224e-01
1.000000000000000000e+00 -9.999999999999999673e+98 8.817019664007931246e-01 5.872283882730172655e-01 5.720794919092483388e-01 6.607653285209874605e-01
1.000000000000000000e+00 -9.999999999999999673e+98 1.589858204184370072e-01 4.765680447388006558e-01 8.664320859731291513e-01 6.292431456224695241e-01
1.000000000000000000e+00 -9.999999999999999673e+98 8.345956519376335203e-01 5.461929356527530643e-01 3.070544851379580775e-01 4.856645032462718614e-01
1.000000000000000000e+00 -9.999999999999999673e+98 2.216379966895936082e-01 1.535408950007434159e-01 6.338443311272082825e-01 3.885244741277392722e-01
1.000000000000000000e+00 -9.999999999999999673e+98 7.645131547158856566e-01 9.498199984505202309e-01 9.225541407283712747e-01 9.491748633111137812e-01
1.000000000000000000e+00 -9.999999999999999673e+98 4.977288870576483948e-01 5.896710600109841272e-01 5.133019641894590590e-01 5.677785880210968195e-01
1.000000000000000000e+00 -9.999999999999999673e+98 4.935574631788525179e-01 7.855834081442280015e-01 3.718778819594155127e-01 2.244437467402315978e-02
1.000000000000000000e+00 -9.999999999999999673e+98 4.089317233831698539e-01 8.380200644968486268e-01 7.393655142421173831e-02 7.772575825927339199e-01
1.000000000000000000e+00 -9.999999999999999673e+98 3.221631128899128393e-01 9.131266374604687375e-01 8.864546616412269930e-01 3.980618529971898800e-01
1.000000000000000000e+00 -9.999999999999999673e+98 8.930650875222769791e-01 9.361183237173044125e-01 8.630789602784163517e-01 7.351297192808032843e-01
1.000000000000000000e+00 -9.999999999999999673e+98 5.926187478840486689e-01 5.694600286769057051e-01 6.204583934432370551e-01 8.423184942446064749e-01
1.000000000000000000e+00 -9.999999999999999673e+98 6.732598419239235188e-01 6.878213655498160994e-01 3.652699220483125453e-01 3.929727833150912231e-01
