B
6.299688470685064345e+01
6.322240282214379903e+01
6.314087584973533751e+01
6.269936789447035608e+01
6.301731259006557906e+01
6.217774687710141279e+01
6.110711024885260656e+01
6.380708438609168098e+01
6.272723881986211580e+01
6.223252096163234626e+01
6.211913191580661220e+01
6.443564584496759551e+01
6.176911949823276871e+01
6.402841598570286408e+01
6.036845865746531814e+01
6.322052694087011560e+01
6.205642415324408034e+01
6.185266038919326093e+01
6.170353638389010342e+01
6.335235464961931484e+01
6.210875151856639320e+01
6.320178459039519225e+01
6.138403239573532488e+01
6.125725921215855152e+01
6.367803008828985867e+01
6.120623177019275118e+01
6.249702230625248944e+01
6.234903569428499281e+01
6.164860147526481882e+01
6.335680707822445612e+01
6.178897854657543576e+01
6.263045833913405147e+01
6.206265166677250278e+01
6.182516849330846753e+01
6.168187058071811180e+01
6.402858239243094829e+01
5.982877934679122944e+01
6.350319766138156297e+01
6.190438962843462178e+01
6.343373522898810535e+01
6.142098830277569022e+01
6.316981438315902864e+01
6.189837743527142067e+01
6.059319249552031295e+01
6.287425842960567479e+01
6.303241885876445139e+01
6.112648169340590698e+01
6.234624231067297018e+01
6.105107877824048757e+01
6.170353638389010342e+01
6.209378459498496738e+01
6.505630764062462390e+01
6.349038483145229605e+01
6.197122493837285617e+01
6.255904184904743914e+01
6.164332358970497694e+01
6.401468497923509915e+01
6.342756629223359255e+01
6.591664094814089481e+01
6.375007868202911254e+01
6.237092121862193039e+01
6.275106648595459546e+01
6.312806922732596604e+01
6.330113160258862592e+01
6.229347180285775920e+01
6.307681340420311500e+01
6.098323921070771547e+01
6.089665210539323681e+01
6.068156147187784200e+01
6.057472210401293466e+01
5.965106964801515232e+01
6.350319766138156297e+01
6.043909680757916192e+01
6.131507082392862173e+01
6.377243318022636487e+01
6.283767706346028348e+01
6.108138055899276253e+01
6.128347311662491848e+01
6.367788716812901839e+01
6.225838827476858484e+01
6.257840494863343395e+01
6.276310875479902052e+01
6.386848645621239484e+01
6.235848228461531306e+01
6.217426114440910112e+01
6.261638061063181482e+01
6.354824768860721917e+01
6.279989426750410075e+01
6.310621609934942455e+01
6.358711936467494041e+01
6.110711024885260656e+01
6.199699085359404904e+01
6.297948195505639291e+01
6.242228128009688248e+01
6.127673064774551648e+01
6.113732986368019340e+01
6.384083589982665075e+01
6.105107877824048757e+01
6.513727493603312269e+01
6.302161899990429106e+01
6.419136541232430204e+01
6.331863720060960787e+01
6.126277863878905094e+01
6.295126893758345688e+01
6.126775023964703593e+01
6.302427785689535256e+01
6.330372319364882117e+01
6.469714817534192264e+01
6.271840091580552468e+01
6.434899686969565380e+01
6.286230763070764738e+01
6.266494306813521575e+01
6.346017636882217516e+01
6.272924039528907514e+01
6.433736506348533624e+01
6.403746929630372620e+01
6.186207104347959529e+01
6.323718629873887664e+01
6.373585851235553434e+01
6.262926992333055409e+01
6.335054056892454355e+01
6.266990773584554120e+01
6.142002363012483102e+01
6.105969088036328429e+01
6.530301850863696700e+01
6.263787123971433601e+01
6.072182325711573725e+01
6.169666677768027796e+01
6.404742960550781561e+01
6.367929145863718077e+01
6.288176483219427837e+01
6.199867291943429137e+01
6.151052726672049431e+01
6.284919627740265469e+01
6.379861883048595672e+01
6.319192324648269476e+01
6.206179365573326834e+01
6.061235198710751604e+01
6.017641358392490503e+01
6.185464861886805465e+01
6.278703620708163413e+01
6.188881741636329537e+01
6.434899686969565380e+01
6.367073725658421068e+01
6.299822016651659595e+01
6.373585851235553434e+01
6.254518139266321697e+01
6.185222343330305250e+01
6.238998246296656447e+01
6.250416514016700376e+01
6.105107877824048757e+01
6.350319766138156297e+01
6.522702746783092209e+01
6.287753934447124493e+01
6.174194938046007053e+01
6.316236160530542776e+01
6.126277863878905094e+01
6.156456321131755516e+01
6.419334110978974195e+01
6.327645638242502457e+01
6.185464861886805465e+01
6.194783410562678938e+01
6.185222343330305250e+01
6.285151251528052541e+01
6.416408790843087218e+01
6.350027847786837754e+01
6.224689632783073989e+01
6.108817769778023177e+01
6.255128270859383832e+01
6.417521359981515161e+01
6.144712700112879844e+01
6.285861099761041970e+01
6.374825037915338299e+01
6.125651006788979913e+01
6.261826415229088383e+01
6.659832054061094198e+01
6.529515648624662560e+01
6.316672533401070666e+01
6.192215006764352125e+01
6.196970317981178766e+01
6.190833683358339812e+01
6.461035794599506232e+01
6.250373150592823634e+01
6.195624770137003878e+01
6.395151872542052729e+01
6.221320704862770867e+01
6.198375706563454912e+01
6.232555345607699593e+01
6.272334134923681859e+01
6.143720682107895925e+01
6.355605481417758540e+01
6.257977782313256654e+01
6.118229273826428738e+01
6.298469048720208008e+01
6.369814414782616296e+01
6.311812874759935710e+01
6.133455012060563405e+01
6.277306347107426632e+01
6.176418724152586748e+01
6.183961071906155382e+01
6.230447139927314026e+01
6.402257344980458242e+01
6.461125799913503442e+01
6.324596936802237224e+01
6.389092656160249106e+01
6.413729450967274204e+01
6.298975274481848174e+01
6.375007868202911254e+01
6.281570584536066093e+01
6.206361752540148302e+01
6.274303103494731459e+01
6.164054297622556788e+01
6.380771995754606252e+01
6.298011084627957956e+01
6.374818527327567352e+01
6.185540174984814143e+01
6.270529731168280563e+01
6.151994285386381733e+01
6.322584397642069121e+01
6.347148218363552985e+01
6.289179846116959283e+01
6.154015968550521620e+01
6.281763091500800300e+01
6.126191303612975503e+01
6.352546134805196942e+01
6.095752252027028106e+01
6.408673463181540342e+01
6.489091857354911497e+01
6.197122493837285617e+01
6.100086581351482806e+01
6.315648149279222423e+01
6.208881596970184091e+01
6.327645638242502457e+01
6.380091505896810133e+01
6.340426006612408827e+01
6.072182325711573725e+01
6.228337879139115074e+01
6.254656232694249951e+01
6.135105849064446915e+01
6.514242805263434377e+01
6.314991401569247387e+01
6.429365537384742879e+01
6.293531306761816779e+01
6.285814501791692521e+01
6.251840213847227545e+01
6.316236160530542776e+01
6.184703954727835651e+01
6.321025712501049298e+01
6.315329768082940376e+01
6.287180083349252868e+01
6.547858481676263409e+01
6.327154511512635793e+01
6.062128876712800007e+01
6.299774183250682569e+01
6.302430110645656924e+01
6.311080127924120120e+01
5.935987369462220187e+01
6.479934230517076799e+01
6.156173074688409486e+01
6.433736506348533624e+01
6.439800035686661772e+01
6.301137258223996440e+01
6.307967088447157522e+01
6.368636622820599058e+01
6.044488608056393986e+01
6.293363280621412059e+01
6.222329305694027823e+01
6.381871934681298342e+01
6.374818527327567352e+01
6.123828332209428993e+01
6.128646693795295164e+01
6.265377997952779054e+01
6.319998829636318760e+01
6.280685092711473061e+01
6.278022457161389980e+01
6.206179365573326834e+01
6.195738039254074891e+01
6.230447139927314026e+01
6.319998829636318760e+01
6.348333613387890040e+01
6.267580457223883883e+01
6.338733057461265474e+01
6.519542938425615830e+01
6.389044843729023881e+01
6.273331885166507504e+01
6.153321620650493884e+01
6.170930027452678246e+01
6.284936181401513977e+01
6.118229273826428738e+01
6.319455108308300595e+01
6.177239059732695381e+01
6.367073725658421068e+01
6.177252024148401688e+01
6.371555344715050495e+01
6.379861883048595672e+01
6.374825037915338299e+01
6.343373522898810535e+01
6.370621629727851598e+01
6.338816123000617608e+01
6.347458781199449618e+01
6.225256990026441883e+01
6.224014798298041029e+01
6.501472645893822744e+01
6.165992297029016811e+01
6.201888455156488078e+01
6.388352551104610200e+01
6.491361902990036015e+01
6.039629414354678261e+01
6.285892984243617576e+01
6.429124079657141522e+01
6.311406979297323971e+01
6.253164048956064391e+01
6.186205564296896142e+01
6.256836693530259197e+01
6.172242535260129870e+01
6.383315596447965135e+01
6.285367778330888200e+01
6.326352827463337292e+01
6.430915828432843284e+01
6.285689380755709266e+01
6.298271563699776721e+01
6.198560956310540604e+01
6.230840204411429539e+01
6.326821241883671121e+01
6.314606131062303973e+01
6.101025414565462057e+01
6.452093044534612432e+01
6.269465049901427989e+01
6.338233427995771763e+01
6.303852611462945532e+01
6.294432858561760469e+01
6.232112093918294704e+01
6.438438055120296610e+01
6.201888455156488078e+01
6.353621466197697742e+01
6.113762304244707479e+01
6.339846100070434431e+01
6.172013950931584958e+01
6.329961169459926396e+01
6.500275833945980253e+01
6.260333771190954621e+01
6.206361752540148302e+01
6.220842465481256767e+01
6.128646693795295164e+01
6.208808036843029754e+01
6.356263481820221273e+01
6.255673280662678337e+01
6.206395349519851123e+01
6.359668220450460296e+01
6.175959558127311766e+01
6.219135746798433217e+01
6.429124079657141522e+01
6.156173074688409486e+01
5.955323912664619712e+01
6.124514091534100402e+01
6.298883322462970114e+01
6.479168977490792258e+01
6.274693115430081036e+01
6.140838871561181378e+01
6.385534801729279053e+01
6.298330685845110111e+01
6.302023432425581717e+01
6.490443691266092685e+01
6.093143337469450671e+01
6.322735660125704271e+01
6.335235464961931484e+01
6.257801356240302226e+01
6.284342225639319679e+01
6.468189978211374580e+01
6.297652725855417088e+01
6.423744525785491533e+01
6.383315596447965135e+01
6.185464861886805465e+01
6.186207104347959529e+01
6.104486481040331824e+01
6.109061647941089745e+01
6.127790849069710077e+01
6.287690014690375762e+01
6.098789107792774900e+01
6.190289676474549907e+01
6.125651006788979913e+01
6.095398080869887991e+01
6.262478029602975482e+01
6.339725345377481602e+01
6.350027847786837754e+01
6.224192028210495664e+01
6.280609747162240097e+01
6.444429504419660759e+01
6.352546134805196942e+01
6.353621466197697742e+01
6.194265361883977050e+01
6.378990963811372694e+01
6.212074950460746692e+01
6.204476771050492090e+01
6.244544890710235308e+01
6.467615094630808414e+01
6.438753731402626101e+01
6.326443722347674736e+01
6.220842465481256767e+01
6.241668587548857516e+01
6.316386234825601775e+01
6.285608669469002763e+01
6.391097690986990898e+01
6.158326642616349744e+01
6.301731259006557906e+01
6.299278979493395525e+01
6.192215006764352125e+01
6.306558220195879017e+01
6.430079890413450983e+01
6.267827339191222791e+01
6.265046514469149486e+01
6.196554504038554967e+01
6.248727209744615863e+01
6.131507082392862173e+01
6.022036099420240163e+01
6.129180710642747698e+01
6.247941407322260687e+01
6.375007868202911254e+01
6.208808036843029754e+01
6.360454070203226706e+01
6.230840204411429539e+01
6.288277489331544956e+01
6.260668296545694034e+01
6.256593717473999305e+01
6.285661153719354388e+01
6.326910028237403338e+01
6.321980535005173607e+01
6.323983322925899131e+01
6.267492274121833162e+01
6.362810464785339803e+01
6.311436639789879166e+01
6.388298675467116539e+01
6.267945894505208315e+01
6.176390633643718786e+01
6.164380691158488901e+01
6.254813272064892971e+01
6.221320704862770867e+01
6.188881741636329537e+01
6.105969088036328429e+01
6.199077332165698095e+01
6.279601050160946585e+01
6.180799936354767254e+01
6.324368714307758665e+01
6.292017508082229682e+01
6.349817997987119611e+01
6.181214613072534547e+01
6.288140908223304137e+01
6.443564584496759551e+01
6.219702243586412749e+01
6.269405893523715179e+01
6.400637733515952732e+01
6.276749756248264589e+01
6.266233629435619434e+01
6.185266038919326093e+01
6.272000807953222790e+01
6.310621609934942455e+01
6.124514091534100402e+01
6.286992123331236826e+01
6.309665927725040291e+01
6.108817769778023177e+01
6.479586892757953365e+01
6.402841598570286408e+01
6.142002363012483102e+01
6.326519724402048439e+01
6.210834552970151634e+01
6.122144201778693429e+01
6.129736878676184375e+01
6.235580503395132013e+01
6.433965583236206953e+01
6.302303512753444181e+01
6.282020823912978358e+01
6.288263008438575241e+01
6.314087584973533751e+01
6.152066124668166225e+01
6.250591402063609081e+01
6.188615870487674897e+01
6.141970447812716571e+01
6.098789107792774900e+01
6.346845209708715885e+01
6.354500285827964490e+01
6.151375068030385762e+01
6.242294911275987346e+01
6.233974055276800641e+01
6.282611416752133238e+01
6.392215292475484034e+01
6.349817997987119611e+01
6.239492169080135398e+01
6.342756629223359255e+01
6.111037561671229668e+01
6.146936948807748280e+01
6.161813606315283920e+01
6.146897215050925212e+01
6.221066063992123674e+01
6.436820311123921101e+01
6.343373522898810535e+01
6.442980116020386561e+01
6.378990963811372694e+01
6.328046981494931345e+01
6.421819497589906689e+01
6.207729239658787890e+01
6.144712700112879844e+01
6.328189158668649839e+01
6.112648169340590698e+01
6.208881596970184091e+01
6.109576303157341215e+01
6.178679890524304597e+01
6.169692759797186454e+01
6.325786687251315499e+01
6.180799936354767254e+01
6.129691198160492149e+01
6.487839583141744981e+01
6.375077755232140220e+01
6.260066229944989402e+01
6.539828820989922065e+01
6.236385908596049177e+01
6.233974055276800641e+01
6.248754898383977974e+01
6.361067725358292790e+01
6.360551112466619372e+01
6.304662224401684512e+01
6.319118540430467590e+01
6.191751388073495121e+01
6.108104875063921924e+01
6.323803722886896139e+01
6.068398265890215981e+01
6.201231701164188337e+01
6.244406030013970366e+01
6.195738039254074891e+01
6.251778686896184212e+01
6.259736447788063174e+01
6.314103232178928948e+01
6.147419907046155174e+01
6.347458781199449618e+01
6.203686580493028657e+01
6.282333984208563749e+01
6.305368595379283647e+01
6.326910028237403338e+01
6.159939910964040877e+01
6.140302061994861305e+01
6.314165735423602399e+01
6.178271679311261266e+01
6.103481641691215032e+01
6.278190284199297366e+01
6.400492331026265447e+01
6.257619549095964828e+01
6.213701993228271192e+01
6.242780833415565667e+01
6.338816123000617608e+01
6.279241394995104031e+01
6.224689632783073989e+01
6.271421525262162788e+01
6.256395152541169580e+01
6.254223125374925019e+01
6.258766677252610577e+01
6.371949784263470917e+01
6.262871484155883195e+01
6.243833818338961095e+01
6.399778266870588084e+01
6.329202614131983751e+01
6.321303495987521615e+01
6.174194938046007053e+01
6.196970317981178766e+01
6.330853431645315510e+01
6.314991401569247387e+01
6.245183391095486058e+01
6.254806650137745550e+01
6.158326642616349744e+01
6.316672533401070666e+01
6.175293068133919405e+01
6.532924330146352077e+01
6.045233274058882245e+01
6.419136541232430204e+01
6.309524279213889741e+01
6.250822175119948554e+01
6.271891302726295692e+01
6.458154597803805075e+01
6.123828332209428993e+01
6.358711936467494041e+01
6.241327968789178726e+01
6.225144576440568045e+01
6.388352551104610200e+01
6.098323921070771547e+01
6.250225181243208539e+01
6.423289120355116211e+01
6.376382389815833562e+01
6.401468497923509915e+01
6.243923336687161907e+01
6.422547580151885427e+01
6.072152513632921256e+01
6.292509843956899118e+01
6.367853447694066205e+01
6.367853447694066205e+01
6.116421432073284592e+01
6.349038483145229605e+01
6.064135612204244552e+01
6.131567612546905366e+01
6.309665927725040291e+01
6.279875723536000010e+01
6.412191751704855847e+01
6.093143337469450671e+01
6.156529148093673598e+01
6.309622927070702758e+01
6.416408790843087218e+01
6.191751388073495121e+01
6.128347311662491848e+01
6.249927806495401938e+01
6.252830182275995696e+01
6.257769691158613057e+01
6.240712671034898307e+01
6.310172671398124322e+01
6.240712671034898307e+01
6.317726293494408907e+01
6.079032749791991819e+01
6.199667492558601367e+01
6.132781690003226061e+01
6.325603655329270225e+01
6.433736506348533624e+01
6.402413374274648561e+01
6.402884090820005270e+01
6.316502476121984699e+01
6.274600842611116747e+01
6.263639100506668456e+01
6.165992297029016811e+01
6.245340370243349781e+01
6.236817240058589817e+01
6.291614850596205599e+01
6.424241874675267638e+01
6.283586815251571522e+01
6.546386491987512102e+01
6.279361650447212639e+01
6.020839544537788157e+01
6.237092121862193039e+01
6.281658743875674134e+01
6.228231306309056947e+01
6.433736506348533624e+01
6.468189978211374580e+01
6.302023432425581717e+01
6.039629414354678261e+01
6.115135149391419844e+01
6.340426006612408827e+01
6.424800980447898269e+01
6.389911639247267772e+01
6.239865022961663499e+01
6.324932372458184915e+01
6.314777814063398864e+01
6.436820311123921101e+01
6.268908359682300357e+01
6.106827996231582745e+01
6.306946192668551276e+01
6.295977668796754045e+01
6.550937011867702608e+01
6.233412577216744666e+01
6.337676585204641100e+01
6.336174361901187524e+01
6.261613471735820724e+01
6.068786495882726229e+01
6.113732986368019340e+01
6.263510168085488772e+01
6.637435808769937751e+01
6.261539564998273022e+01
6.330153206769531948e+01
6.211913191580661220e+01
6.028353906743411983e+01
6.179832389732519005e+01
6.375215923661776429e+01
6.306023985956022671e+01
6.321491510126109148e+01
6.313730092306993669e+01
6.373786070865469355e+01
6.290553738306419262e+01
6.266628492230405811e+01
6.247228994069659791e+01
6.321491510126109148e+01
6.412018325852457679e+01
6.086615772673824409e+01
6.354824768860721917e+01
6.227234755277143563e+01
6.369149414842000567e+01
6.334897930284289203e+01
6.095170066400525855e+01
6.494736399429370977e+01
6.295446148011040322e+01
6.109061647941089745e+01
6.412018325852457679e+01
6.469307244884375052e+01
6.454841025869082216e+01
6.279141664593215211e+01
6.323374459179264306e+01
6.367853447694066205e+01
6.380388644677088905e+01
6.330719643119467577e+01
6.159939910964040877e+01
6.281804102276783652e+01
6.164380691158488901e+01
6.287464412367245359e+01
6.401924079905332121e+01
6.301278655895303871e+01
6.442980116020386561e+01
6.344192917527008291e+01
6.080113863622369763e+01
6.322735660125704271e+01
6.245757335943117283e+01
6.096248943263676523e+01
6.199867291943429137e+01
6.279135729064584126e+01
6.111037561671229668e+01
6.168187058071811180e+01
6.419136541232430204e+01
6.292351173316842505e+01
6.156529148093673598e+01
6.247228994069659791e+01
6.108138055899276253e+01
6.074655177286476260e+01
6.356468558838811589e+01
6.361067725358292790e+01
6.330372319364882117e+01
6.533372609906574269e+01
6.330113160258862592e+01
6.140302061994861305e+01
6.161813606315283920e+01
6.146104202528132276e+01
6.110600933759899078e+01
6.086188423674290249e+01
6.444429504419660759e+01
6.015663884944183337e+01
6.300055096780080532e+01
6.208599576170431789e+01
6.346017636882217516e+01
6.253225558844195575e+01
6.053982635176524951e+01
6.242294911275987346e+01
6.156529148093673598e+01
6.240173413479356412e+01
6.186207104347959529e+01
6.237351367834757099e+01
6.350027847786837754e+01
6.206265166677250278e+01
6.463154163113715356e+01
6.267542644485718739e+01
5.922072143938019906e+01
6.349817997987119611e+01
6.352602388381490073e+01
6.359297331001869935e+01
6.375007868202911254e+01
6.240386627330578762e+01
6.200011601497244840e+01
6.330831101985865672e+01
6.322458010383235205e+01
6.006204779228010437e+01
6.146210208675977071e+01
6.446101498814950048e+01
6.184987282040750500e+01
6.194783410562678938e+01
6.208808036843029754e+01
6.276873323835408769e+01
6.121045194335570727e+01
6.482747547030875523e+01
6.298596577697429666e+01
6.180799936354767254e+01
6.229791896026769393e+01
6.199455394169675060e+01
6.452975601266054184e+01
6.292249089529207140e+01
6.127673064774551648e+01
6.201990875658928104e+01
6.311435884704803811e+01
6.035892579700261251e+01
6.255618418395683022e+01
6.309312984978738825e+01
6.235790550312307801e+01
6.282741199885074934e+01
6.303391491408147829e+01
6.220687039526069384e+01
6.301218805905139675e+01
6.461125799913503442e+01
6.459372701383415460e+01
6.199059816278887070e+01
6.164332358970497694e+01
6.137892692105624093e+01
6.360551112466619372e+01
6.167339778825314767e+01
6.316229766264630285e+01
6.253865773913859272e+01
6.363127610103818199e+01
6.109192819458571933e+01
6.289136231757789375e+01
6.301108613601885367e+01
6.138403239573532488e+01
6.242358491756026240e+01
6.490443691266092685e+01
6.024887989580741987e+01
6.282384584904107072e+01
6.448417013523932440e+01
6.151052726672049431e+01
6.227620337339142509e+01
6.185881510645381098e+01
6.108817769778023177e+01
6.156456321131755516e+01
6.348135246415714050e+01
6.211757092092366150e+01
6.292541604980758052e+01
6.428533314433111912e+01
6.400492331026265447e+01
6.311406979297323971e+01
6.243302349458449640e+01
6.188423932211604495e+01
6.252646087913882411e+01
6.206301311503526819e+01
6.278714720311378983e+01
6.272586056160847079e+01
6.297093166161067757e+01
6.242868753308822249e+01
6.409686020442023846e+01
6.297093166161067757e+01
6.328189158668649839e+01
6.296909631399716289e+01
6.332708998500884690e+01
6.408673463181540342e+01
6.323718629873887664e+01
6.121045194335570727e+01
6.322735660125704271e+01
6.126191303612975503e+01
6.301914364892501652e+01
6.224918756510123785e+01
6.194419864543773002e+01
6.309312984978738825e+01
6.354824768860721917e+01
6.239830063807885097e+01
6.358711936467494041e+01
6.279399330560254811e+01
6.513874598454445675e+01
6.178608859182767077e+01
6.537293331388636375e+01
6.057651520768521891e+01
6.404792167421963711e+01
6.246786566068954727e+01
6.227512721992951583e+01
6.402884090820005270e+01
6.316672049794404131e+01
6.340426006612408827e+01
6.091473861711672555e+01
6.086914758226924249e+01
6.076164974840325783e+01
6.201990875658928104e+01
6.458154597803805075e+01
6.078895427663528750e+01
6.416408790843087218e+01
6.146897215050925212e+01
6.359668220450460296e+01
6.262002274565946180e+01
6.553668657573976475e+01
6.034195947482344735e+01
6.248667603484798860e+01
6.269729552190247546e+01
6.154015968550521620e+01
6.282584515550189508e+01
6.270356278082201840e+01
6.387949194118804996e+01
6.296736147402488371e+01
6.057651520768521891e+01
6.291507551700608047e+01
6.443372057605111536e+01
6.362810464785339803e+01
6.380091505896810133e+01
6.492212041052619043e+01
6.259593837197020605e+01
6.507997944628650089e+01
6.018960565978613886e+01
6.193629959490268533e+01
6.298832268723649008e+01
6.403746929630372620e+01
6.074549742149230980e+01
6.219135746798433217e+01
6.057821396794950175e+01
6.495852708883818138e+01
6.319998829636318760e+01
6.250505281145202474e+01
6.104486481040331824e+01
6.266677722798240779e+01
6.081202487934543655e+01
6.277594617222088402e+01
6.180799936354767254e+01
6.296795721667602663e+01
6.424800980447898269e+01
6.452975601266054184e+01
6.301542603215875005e+01
6.330372319364882117e+01
6.251151697687872399e+01
6.172013950931584958e+01
6.330853431645315510e+01
6.172013950931584958e+01
6.467615094630808414e+01
6.127673064774551648e+01
6.129691198160492149e+01
6.272407373867100233e+01
6.204476771050492090e+01
6.265912476961896971e+01
6.160542350556064406e+01
6.142098830277569022e+01
6.173581143743740540e+01
6.311375468883939277e+01
6.322915835808176155e+01
6.287961452426070963e+01
6.168248117687611654e+01
6.209644297958401893e+01
6.186691651161392258e+01
6.234403129615891004e+01
6.330882406979110044e+01
6.239492169080135398e+01
6.266596369634404340e+01
6.387949194118804996e+01
6.355605481417758540e+01
6.297738014438040466e+01
6.314103232178928948e+01
6.375253128767727162e+01
6.327154511512635793e+01
6.281397384534110984e+01
6.477828071819470779e+01
6.265201863959575235e+01
6.298109701113020265e+01
6.206933286562752272e+01
6.352546134805196942e+01
6.269624972624600900e+01
6.190289676474549907e+01
6.208808036843029754e+01
5.999190351432942236e+01
6.281192372506244936e+01
6.227116653211870556e+01
6.246459794366317198e+01
6.319719202723818796e+01
6.004115076606567669e+01
6.268044097083998167e+01
6.160542350556064406e+01
6.380771995754606252e+01
6.318211724430062048e+01
6.277054186060851748e+01
6.328553027072274517e+01
6.327645638242502457e+01
6.310172671398124322e+01
6.151802264367489670e+01
6.284792771425253477e+01
6.186207104347959529e+01
6.316761113716742670e+01
6.373585851235553434e+01
6.205642415324408034e+01
6.265741388665415457e+01
6.203686580493028657e+01
6.446101498814950048e+01
6.400637733515952732e+01
6.344192917527008291e+01
6.423526062111086787e+01
6.228297402003263272e+01
6.363127610103818199e+01
6.105048817271809014e+01
6.204177993662193558e+01
6.248258553020284722e+01
6.191260013333042167e+01
6.385786158548408764e+01
6.175959558127311766e+01
6.268702092944630522e+01
6.324932372458184915e+01
6.156066814768781370e+01
6.219135746798433217e+01
6.195253356403392075e+01
6.309524279213889741e+01
6.216166469993550692e+01
6.327260128319650789e+01
6.423289120355116211e+01
6.326910028237403338e+01
6.254835191379483916e+01
6.337676585204641100e+01
6.575843797353735454e+01
6.375253128767727162e+01
6.135481874391515333e+01
6.327154511512635793e+01
6.027375660116977230e+01
6.322052694087011560e+01
6.301218805905139675e+01
6.487407404608221384e+01
6.059907297293531059e+01
6.294222955838699818e+01
6.389044843729023881e+01
6.381871934681298342e+01
6.303253308132129717e+01
6.224536754113410808e+01
6.291738802966556676e+01
6.068398265890215981e+01
6.298883322462970114e+01
6.392215292475484034e+01
6.415740797597791811e+01
6.035892579700261251e+01
6.416043394060501726e+01
6.184703954727835651e+01
6.177605024608403284e+01
6.053234226540299545e+01
6.317490528677426198e+01
6.208881596970184091e+01
6.109192819458571933e+01
6.130325651618915117e+01
6.459372701383415460e+01
6.304151957604172907e+01
6.254713533141666204e+01
6.119241936035864171e+01
6.029809505274717907e+01
6.328673588866312372e+01
6.309568035001657194e+01
6.025000940501614366e+01
6.322915835808176155e+01
6.323374459179264306e+01
6.267346871332036073e+01
6.373431642070090675e+01
6.180237455533389124e+01
6.287753934447124493e+01
6.190438962843462178e+01
6.423526062111086787e+01
6.198816624284724242e+01
6.199414459121425125e+01
6.148368512230562999e+01
6.403746929630372620e+01
6.470391885168959334e+01
6.269049465800257082e+01
6.133455012060563405e+01
6.327602518490219552e+01
6.458154597803805075e+01
6.503937467053039256e+01
6.315756508548219017e+01
6.256251159104001403e+01
6.101025414565462057e+01
6.185216957766064638e+01
6.433711973282581198e+01
6.402257344980458242e+01
6.404760321537931134e+01
6.034195947482344735e+01
6.198560956310540604e+01
6.402140886032536571e+01
6.246767103754350359e+01
6.283907095048333247e+01
6.269280912052234100e+01
6.169666677768027796e+01
6.235486197582503820e+01
6.309568035001657194e+01
6.252323636793559558e+01
6.126277863878905094e+01
6.292249089529207140e+01
6.280720418847759134e+01
6.529863423352112761e+01
6.279526351872599577e+01
6.237188232622730055e+01
6.412191751704855847e+01
6.482747547030875523e+01
6.173581143743740540e+01
6.168248117687611654e+01
5.964836389421154195e+01
6.170930027452678246e+01
6.043909680757916192e+01
6.292874182460146670e+01
6.216246458965711952e+01
6.194265361883977050e+01
6.361067725358292790e+01
6.362810464785339803e+01
6.279508380708873716e+01
6.332320852137677036e+01
6.286608533484929495e+01
6.239843154787119062e+01
6.371555344715050495e+01
6.269837495636809876e+01
6.339378023092550052e+01
6.284429898208752974e+01
6.298165927593345259e+01
6.300143594818135284e+01
6.327453788218873143e+01
6.053075680189927965e+01
6.283574972463195252e+01
6.138795746167839695e+01
6.185194935290385843e+01
6.335680707822445612e+01
6.122144201778693429e+01
6.072327510578706722e+01
6.095752252027028106e+01
6.395151872542052729e+01
6.221556515272561683e+01
6.217774687710141279e+01
6.275311603109869907e+01
6.386979097563957453e+01
6.209378459498496738e+01
6.424800980447898269e+01
6.162140472175425998e+01
6.281153378412651733e+01
6.454841025869082216e+01
6.206395349519851123e+01
6.281867207309280587e+01
6.204737532110289067e+01
6.064135612204244552e+01
6.232572824311273507e+01
6.219426305131515420e+01
6.326519724402048439e+01
6.156173074688409486e+01
6.339232438803341552e+01
6.111168207930794694e+01
6.274941622427508037e+01
6.356263481820221273e+01
6.268521547360273161e+01
6.207729239658787890e+01
6.454799484145864596e+01
6.284716800941717452e+01
6.140838871561181378e+01
6.539667230942576737e+01
6.448417013523932440e+01
6.194783410562678938e+01
6.089665210539323681e+01
6.151802818170551035e+01
6.146104202528132276e+01
6.306916207664939833e+01
6.393901061038354783e+01
6.044488608056393986e+01
6.195361116782126487e+01
6.081202487934543655e+01
6.249435872214893806e+01
6.329221821683179883e+01
6.194091290827184082e+01
6.251013355644424507e+01
6.219035568239824840e+01
6.255549148627911649e+01
6.296795721667602663e+01
6.217564548450374673e+01
6.327453788218873143e+01
6.523536241210314301e+01
6.366721916736306497e+01
6.421088066507336123e+01
6.199667492558601367e+01
6.265435863256168147e+01
6.167339778825314767e+01
6.321980535005173607e+01
6.267609066263199225e+01
6.295116513291114302e+01
6.172242535260129870e+01
6.392215292475484034e+01
6.072008216726631957e+01
6.245493235291746004e+01
6.289929194226975540e+01
6.326294086927946836e+01
6.377208084395441290e+01
6.258175614260158426e+01
6.225803732201279672e+01
6.276644530516356468e+01
6.240292911526652375e+01
6.112648169340590698e+01
6.361877734556551189e+01
6.216166469993550692e+01
6.266001399695566931e+01
6.321025712501049298e+01
6.178897854657543576e+01
6.187965766558488667e+01
6.151802264367489670e+01
6.263558498173824773e+01
6.373997017111442176e+01
6.161813606315283920e+01
6.315648149279222423e+01
6.548410818100272479e+01
6.306916207664939833e+01
6.430079890413450983e+01
6.204177993662193558e+01
6.191751388073495121e+01
6.072008216726631957e+01
6.306023985956022671e+01
6.246272462235733514e+01
6.291164053586730631e+01
6.206933286562752272e+01
6.233294034739975586e+01
6.319154310639669347e+01
6.324596936802237224e+01
6.302297459219153808e+01
6.384083589982665075e+01
6.129180710642747698e+01
6.204737532110289067e+01
6.304767496008114591e+01
6.187931666310512924e+01
5.950553918973513134e+01
6.308601761065160218e+01
6.271633946583137487e+01
6.275471347095204777e+01
6.239244731850654802e+01
6.325603655329270225e+01
6.164054297622556788e+01
6.372284028103787534e+01
6.159184466308249739e+01
6.338733057461265474e+01
6.219426305131515420e+01
6.168248117687611654e+01
6.263319124059728438e+01
6.349038483145229605e+01
6.137983843603930012e+01
6.361877734556551189e+01
6.221632702883691479e+01
6.220632251282150804e+01
6.286137003850956972e+01
6.108104875063921924e+01
6.097535017099535537e+01
6.330831101985865672e+01
6.131507082392862173e+01
6.497993646718141747e+01
6.172242535260129870e+01
6.153321620650493884e+01
6.470809335737284584e+01
6.360080563349280425e+01
6.227311582887965358e+01
6.304592716836538813e+01
6.223187501480184380e+01
6.026481003355998212e+01
6.295977668796754045e+01
6.164054297622556788e+01
6.359668220450460296e+01
6.351633335974348427e+01
6.419334110978974195e+01
6.354837773881326513e+01
6.132781690003226061e+01
6.298318469754270410e+01
6.319154310639669347e+01
6.293412955982310564e+01
6.206179365573326834e+01
6.119241936035864171e+01
6.177605024608403284e+01
6.027375660116977230e+01
6.323374459179264306e+01
6.080113863622369763e+01
6.415740797597791811e+01
6.233144038592202207e+01
6.363127610103818199e+01
6.422567888667737179e+01
6.464645540178256056e+01
6.249001603189439180e+01
6.255323945646642869e+01
6.501927041610798597e+01
6.143720682107895925e+01
6.234499025225832725e+01
6.168187058071811180e+01
6.235790550312307801e+01
6.438753731402626101e+01
6.229254120466900702e+01
6.377243318022636487e+01
6.086914758226924249e+01
6.232427015800979575e+01
6.456670804269569430e+01
6.306761025822410716e+01
6.313730092306993669e+01
6.271606053397443503e+01
6.250667766222631627e+01
6.311047499356651258e+01
6.225144576440568045e+01
6.118229273826428738e+01
6.384083589982665075e+01
6.234872666907100580e+01
6.190438962843462178e+01
6.270876449143486298e+01
6.337507975707688956e+01
6.297744547133174819e+01
6.554373756073431423e+01
6.175293068133919405e+01
6.572336810280788200e+01
6.391097690986990898e+01
6.533641167033516695e+01
6.093032503498073993e+01
6.255401576929615715e+01
6.177605024608403284e+01
6.294365106029109569e+01
6.186205564296896142e+01
6.356263481820221273e+01
6.261886706852426698e+01
6.484142952686059402e+01
6.273155355763976360e+01
6.292648482371151175e+01
6.258250877042933524e+01
6.121008819617335206e+01
6.118683156502871157e+01
6.344750096178729848e+01
6.402858239243094829e+01
6.263386481655719251e+01
6.242654376399608651e+01
6.402841598570286408e+01
6.083957836041818013e+01
6.336174361901187524e+01
6.288326770596388826e+01
6.243124066014669182e+01
6.380388644677088905e+01
6.111037561671229668e+01
6.185266038919326093e+01
6.206516730503829393e+01
6.409551968396868915e+01
6.339725345377481602e+01
6.422567888667737179e+01
6.280563977440277768e+01
6.196687817217240024e+01
6.247773267079831072e+01
6.062872696494784464e+01
6.156066814768781370e+01
6.463154163113715356e+01
6.206395349519851123e+01
6.145760910711538827e+01
6.219375105034200857e+01
6.318440440483754372e+01
6.350027847786837754e+01
6.304592716836538813e+01
6.274817241516782218e+01
6.246983511699117742e+01
6.187931666310512924e+01
6.458239954380015035e+01
6.239768283315348185e+01
6.349038483145229605e+01
6.402858239243094829e+01
6.404792167421963711e+01
6.349653931042787036e+01
6.272444227653667070e+01
6.199455394169675060e+01
6.181214613072534547e+01
6.199455394169675060e+01
6.256750413041019243e+01
6.326443722347674736e+01
6.073449059981750509e+01
6.328553027072274517e+01
6.391384705814677858e+01
6.284329941363458261e+01
6.318211724430062048e+01
6.306210771850545882e+01
6.412191751704855847e+01
6.256527340742836429e+01
6.156066814768781370e+01
6.319154310639669347e+01
6.295926296398539534e+01
6.349094995006767306e+01
6.261568570331292705e+01
6.356263481820221273e+01
6.135481874391515333e+01
6.186205564296896142e+01
6.438438055120296610e+01
6.319745960476574709e+01
6.283325026076740016e+01
6.121045194335570727e+01
6.096974314966568897e+01
6.360551112466619372e+01
6.274415497392692487e+01
6.209644297958401893e+01
6.198816624284724242e+01
6.065766114391912822e+01
6.284072492935952425e+01
6.167339778825314767e+01
6.413729450967274204e+01
6.417521359981515161e+01
6.257557095579061723e+01
6.253820650936676628e+01
6.164380691158488901e+01
6.256191818241826041e+01
6.305701010037741838e+01
6.250636478507316696e+01
6.227512721992951583e+01
6.142002363012483102e+01
6.225838827476858484e+01
6.330882406979110044e+01
6.268660877600302683e+01
6.322860953734242884e+01
6.470809335737284584e+01
6.061235198710751604e+01
6.234403129615891004e+01
6.199077332165698095e+01
6.323153385568195262e+01
6.305835003382417625e+01
6.122245608564242758e+01
6.250416514016700376e+01
6.217564548450374673e+01
6.386979097563957453e+01
6.267368849813438203e+01
6.156529148093673598e+01
6.079032749791991819e+01
6.423744525785491533e+01
6.131567612546905366e+01
6.286442077937246609e+01
6.283732200077384533e+01
6.326199483721135408e+01
6.267066018835850372e+01
6.187931666310512924e+01
6.185222343330305250e+01
6.316236160530542776e+01
6.239865022961663499e+01
6.243923336687161907e+01
6.377243318022636487e+01
6.149477292730964706e+01
6.260753631737054548e+01
6.366721916736306497e+01
6.086188423674290249e+01
6.307681340420311500e+01
6.454841025869082216e+01
6.266440457695562571e+01
6.185216957766064638e+01
6.273505531315638706e+01
6.140302061994861305e+01
6.156456321131755516e+01
6.404792167421963711e+01
6.245874997946842910e+01
6.349653931042787036e+01
6.131507082392862173e+01
6.377208084395441290e+01
6.556551404330581079e+01
6.240278416287286944e+01
6.326519724402048439e+01
6.323718629873887664e+01
6.028181111387064561e+01
6.236817240058589817e+01
6.113477808476311992e+01
6.401924079905332121e+01
6.260992775645814135e+01
6.326443722347674736e+01
6.154015968550521620e+01
6.199077332165698095e+01
6.330719643119467577e+01
6.137983843603930012e+01
6.178608859182767077e+01
6.077578853594394559e+01
6.376382389815833562e+01
6.212074950460746692e+01
6.388352551104610200e+01
6.373997017111442176e+01
6.250441889884801583e+01
6.192215006764352125e+01
6.258469770738973637e+01
6.265184614661457374e+01
6.285410534093291091e+01
6.113732986368019340e+01
6.337926004235846733e+01
6.201231701164188337e+01
6.402858239243094829e+01
6.374825037915338299e+01
6.256842870426513059e+01
6.279328549482050903e+01
6.301664679683796066e+01
6.226358555246919479e+01
6.142239499172737993e+01
6.557695099493750490e+01
6.244544890710235308e+01
6.510826082677915849e+01
6.385121735229121498e+01
6.448417013523932440e+01
6.321253152208527126e+01
6.360396189327960315e+01
6.442980116020386561e+01
6.402841598570286408e+01
6.378990963811372694e+01
6.321765817493557904e+01
6.096974314966568897e+01
6.268498661483032919e+01
6.262905893037170557e+01
6.260300366486878687e+01
6.430915828432843284e+01
6.226358555246919479e+01
6.353621466197697742e+01
6.166126760064267387e+01
6.195361116782126487e+01
6.254134860465499912e+01
6.225838827476858484e+01
6.625359444082164373e+01
6.326352827463337292e+01
6.456147016679871342e+01
6.364350046086128287e+01
6.314606131062303973e+01
6.211913191580661220e+01
6.086722203689181043e+01
6.113762304244707479e+01
6.373786070865469355e+01
6.400637733515952732e+01
6.247236471106914024e+01
6.194419864543773002e+01
6.404760321537931134e+01
6.077578853594394559e+01
6.336785411479601038e+01
6.158326642616349744e+01
6.312892579464308795e+01
6.180074727696096204e+01
6.082704654271774558e+01
6.238119873805280236e+01
6.309544186895050899e+01
6.347148218363552985e+01
6.310923641676573226e+01
6.514242805263434377e+01
6.282242417945052892e+01
6.201231701164188337e+01
6.321025712501049298e+01
6.400492331026265447e+01
6.337926004235846733e+01
6.303852611462945532e+01
6.381871934681298342e+01
6.185881510645381098e+01
6.201992617020386689e+01
6.113477808476311992e+01
6.221066063992123674e+01
6.330719643119467577e+01
6.380388644677088905e+01
6.253432927478118586e+01
6.137892692105624093e+01
6.304665924955941136e+01
6.179478365949847785e+01
6.178271679311261266e+01
6.119241936035864171e+01
6.141970447812716571e+01
6.262342787741527417e+01
6.367853447694066205e+01
6.292990234733816379e+01
6.195624770137003878e+01
6.451817322093880591e+01
6.238423409112201767e+01
6.334721590890269027e+01
6.096248943263676523e+01
6.180237455533389124e+01
6.152066124668166225e+01
6.278974668152594063e+01
6.275794817130565662e+01
6.267667200000895633e+01
6.380091505896810133e+01
6.228337879139115074e+01
6.303510128877437779e+01
6.062128876712800007e+01
6.232112093918294704e+01
6.425431189262079101e+01
6.325786687251315499e+01
6.213019630709128904e+01
6.416043394060501726e+01
6.290553738306419262e+01
6.176418724152586748e+01
6.321198122554575605e+01
6.187690703656198110e+01
6.246459794366317198e+01
6.196687817217240024e+01
6.175959558127311766e+01
6.560135841966658177e+01
6.268117441202716122e+01
6.249605707008962696e+01
6.151994285386381733e+01
6.292942604606199808e+01
6.370158674025103807e+01
6.225803732201279672e+01
6.297871921328573563e+01
6.153733979435273227e+01
6.532996692870260347e+01
6.430915828432843284e+01
6.264048116231998620e+01
6.413729450967274204e+01
6.118683156502871157e+01
6.062872696494784464e+01
6.196280887007812055e+01
6.250453275034084299e+01
6.293531306761816779e+01
6.185823083402206635e+01
6.448625481811251348e+01
6.328685229283751568e+01
6.299822016651659595e+01
6.370158674025103807e+01
6.259403460339688507e+01
6.293363280621412059e+01
6.251331330032645894e+01
6.148368512230562999e+01
6.226004970555327844e+01
6.241668587548857516e+01
6.252087721569301948e+01
6.213019630709128904e+01
6.225616989980343874e+01
6.446193328910936771e+01
6.235975373032800206e+01
6.255630177300931649e+01
6.281228621340616769e+01
6.234499025225832725e+01
6.109576303157341215e+01
6.402140886032536571e+01
6.164860147526481882e+01
6.323153385568195262e+01
6.301542603215875005e+01
6.546315140412917799e+01
6.024887989580741987e+01
6.477726081136833614e+01
6.113732986368019340e+01
6.272907066233157991e+01
6.491977448235263637e+01
6.312299291092678999e+01
6.286747078948562262e+01
6.235848228461531306e+01
6.200011601497244840e+01
6.238982245784134761e+01
6.422547580151885427e+01
6.298011084627957956e+01
6.232572824311273507e+01
6.186691651161392258e+01
6.367803008828985867e+01
6.151802818170551035e+01
6.296383901504108849e+01
6.370418570394858904e+01
6.172501805565610766e+01
6.253551639070914803e+01
6.452093044534612432e+01
6.443372057605111536e+01
6.314165735423602399e+01
6.319719202723818796e+01
6.198816624284724242e+01
6.076164974840325783e+01
6.376382389815833562e+01
6.299348610230875067e+01
6.594718390014334375e+01
6.224192028210495664e+01
6.285979144439810540e+01
6.194419864543773002e+01
6.010891769883449598e+01
6.297948195505639291e+01
6.263145175030035006e+01
6.274651093755210240e+01
6.121008819617335206e+01
6.319719202723818796e+01
6.191260013333042167e+01
6.126277863878905094e+01
6.316502476121984699e+01
6.122144201778693429e+01
6.236385908596049177e+01
6.272305797116777626e+01
6.385121735229121498e+01
6.110600933759899078e+01
6.325603655329270225e+01
6.172242535260129870e+01
6.172501805565610766e+01
6.367788716812901839e+01
6.072152513632921256e+01
6.484338201306452731e+01
6.517091391842339476e+01
6.235486197582503820e+01
6.299774183250682569e+01
6.139118831885941319e+01
6.328553027072274517e+01
6.502253047248220241e+01
6.182516849330846753e+01
6.069212138982285865e+01
6.369149414842000567e+01
6.364350046086128287e+01
6.129180710642747698e+01
6.122245608564242758e+01
6.328997310247316221e+01
6.127790849069710077e+01
6.551982388659084222e+01
6.409686020442023846e+01
6.168248117687611654e+01
6.395151872542052729e+01
6.187965766558488667e+01
6.277110465816834051e+01
6.238481277840743644e+01
6.228231306309056947e+01
6.196280887007812055e+01
6.183961071906155382e+01
6.269126140641481015e+01
6.303391491408147829e+01
6.127790849069710077e+01
6.243302349458449640e+01
6.280193824179553275e+01
6.302676823208931722e+01
6.233393289562295791e+01
6.159244614522540928e+01
6.388307980339845926e+01
6.221320704862770867e+01
6.279043868949545271e+01
6.019271495613654821e+01
6.278887139660346151e+01
6.375253128767727162e+01
6.383315596447965135e+01
6.368797349383055462e+01
6.269659889412618980e+01
6.380091505896810133e+01
6.285267501143717794e+01
6.199414459121425125e+01
6.303510128877437779e+01
6.219179798769870615e+01
6.332346386352383405e+01
6.451376699416817928e+01
6.456670804269569430e+01
6.261737086936507524e+01
6.274737214818779307e+01
6.408673463181540342e+01
6.051719750959060207e+01
6.281877543043843559e+01
6.172501805565610766e+01
6.247044936596759612e+01
6.238423409112201767e+01
6.415740797597791811e+01
6.332708998500884690e+01
6.159244614522540928e+01
6.323983322925899131e+01
6.149477292730964706e+01
6.348406621471471567e+01
6.156769861704406566e+01
6.559976445703691184e+01
6.185881510645381098e+01
6.315329768082940376e+01
6.091709184381439712e+01
6.417521359981515161e+01
6.271768059450118216e+01
6.154015968550521620e+01
6.301278655895303871e+01
6.108104875063921924e+01
6.270081320326534069e+01
6.156769861704406566e+01
6.367788716812901839e+01
6.256422489411323795e+01
6.224014798298041029e+01
6.469714817534192264e+01
6.260851824869351390e+01
6.302297459219153808e+01
6.246812122632221786e+01
6.128347311662491848e+01
6.344192917527008291e+01
6.246849751494305281e+01
6.644433785666736014e+01
6.151802264367489670e+01
6.495392378708548620e+01
6.254745682294473852e+01
6.477919129094249229e+01
6.367803008828985867e+01
6.360551112466619372e+01
6.371949784263470917e+01
6.223179817508597012e+01
6.044186627071145068e+01
6.308809629932684260e+01
6.499766755458587397e+01
6.286432097202979463e+01
6.217564548450374673e+01
6.327260128319650789e+01
6.322100414946699942e+01
6.212074950460746692e+01
6.169692759797186454e+01
6.206265166677250278e+01
6.263180678003374879e+01
6.192215006764352125e+01
6.109786599206675817e+01
6.195253356403392075e+01
6.319745960476574709e+01
6.306558220195879017e+01
6.228337879139115074e+01
6.442284757152975772e+01
6.109786599206675817e+01
6.205453709210627977e+01
6.349094995006767306e+01
6.309622927070702758e+01
6.305701010037741838e+01
6.223252096163234626e+01
6.123828332209428993e+01
6.185266038919326093e+01
6.442661211843579849e+01
6.256875044483960835e+01
6.360609646266600947e+01
6.248360265264367541e+01
6.286911235533527531e+01
6.286797986096209456e+01
6.374740734082524796e+01
6.346845209708715885e+01
6.265134235246184602e+01
6.237188232622730055e+01
6.321253152208527126e+01
6.283627558678015390e+01
6.209688506078151704e+01
6.239768283315348185e+01
6.337926004235846733e+01
6.086615772673824409e+01
6.324275357884457804e+01
6.292351968734932655e+01
6.389911639247267772e+01
6.421088066507336123e+01
6.369814414782616296e+01
6.213701993228271192e+01
6.310923641676573226e+01
6.125725921215855152e+01
6.132781690003226061e+01
6.182516849330846753e+01
6.169692759797186454e+01
6.321996637949146702e+01
6.286322277435546368e+01
6.205453709210627977e+01
5.967014957784095941e+01
6.199867291943429137e+01
6.370158674025103807e+01
6.152066124668166225e+01
6.170353638389010342e+01
6.551415236162976896e+01
6.295759607903037391e+01
6.301676902436612693e+01
6.348333613387890040e+01
6.146210208675977071e+01
6.262189177581015542e+01
6.328685229283751568e+01
6.261909627591025895e+01
6.192140843928666527e+01
6.402413374274648561e+01
6.402884090820005270e+01
6.176911949823276871e+01
6.103848667487071822e+01
6.388352551104610200e+01
6.184987282040750500e+01
6.177605024608403284e+01
6.268279237957589345e+01
6.141970447812716571e+01
6.314087584973533751e+01
6.283624762505525041e+01
6.272154074034005333e+01
6.509912273503746860e+01
6.176390633643718786e+01
6.395151872542052729e+01
6.451376699416817928e+01
6.297738014438040466e+01
6.373782462127937976e+01
6.380708438609168098e+01
6.201992617020386689e+01
6.296383901504108849e+01
6.227620337339142509e+01
6.309568035001657194e+01
6.265295139686464410e+01
6.082704654271774558e+01
6.279706713278449115e+01
6.257585896883544052e+01
6.250205522893015342e+01
6.299895224229912571e+01
6.195253356403392075e+01
6.386848645621239484e+01
6.295116513291114302e+01
6.230752675701906185e+01
6.256520442953947025e+01
6.252423745323255844e+01
6.098323921070771547e+01
6.321765817493557904e+01
6.374740734082524796e+01
6.273027529339697850e+01
6.321198122554575605e+01
6.312806922732596604e+01
6.292509843956899118e+01
6.246812122632221786e+01
6.270015875503847980e+01
6.148368512230562999e+01
6.260839580012206085e+01
6.377243318022636487e+01
6.249265306037980849e+01
6.326199483721135408e+01
6.495413159378882995e+01
6.146897215050925212e+01
6.281339821311016181e+01
6.159184466308249739e+01
6.348913237724428171e+01
6.226543947119829170e+01
6.166126760064267387e+01
6.469307244884375052e+01
6.145760910711538827e+01
6.262825322336973244e+01
6.052577367633342931e+01
6.194265361883977050e+01
6.295171518719296699e+01
6.332320852137677036e+01
6.339725345377481602e+01
6.146936948807748280e+01
6.073449059981750509e+01
6.215388109565821395e+01
6.299278979493395525e+01
6.112648169340590698e+01
6.349094995006767306e+01
6.238977127614306539e+01
6.271741460899816900e+01
6.301070570638260904e+01
6.497993646718141747e+01
6.479168977490792258e+01
6.361067725358292790e+01
6.147419907046155174e+01
6.109061647941089745e+01
6.335054056892454355e+01
6.350319766138156297e+01
6.096248943263676523e+01
6.385534801729279053e+01
6.369149414842000567e+01
6.192851264154528224e+01
6.148368512230562999e+01
6.178608859182767077e+01
6.153733979435273227e+01
6.299806669066031617e+01
6.189837743527142067e+01
6.236824020634305299e+01
6.095398080869887991e+01
6.513727493603312269e+01
6.022036099420240163e+01
6.284033480836153274e+01
6.129691198160492149e+01
6.306550313782793893e+01
6.162140472175425998e+01
6.228727289408642065e+01
6.219702243586412749e+01
6.269008068455694627e+01
6.310748851907383994e+01
6.371949784263470917e+01
6.254246503948132130e+01
6.379861883048595672e+01
6.513242753904320637e+01
6.309975853072494800e+01
6.286059683976498036e+01
6.371555344715050495e+01
6.322052694087011560e+01
6.336517638706784794e+01
6.315500115739228448e+01
6.185194935290385843e+01
6.191260013333042167e+01
6.304379815991597269e+01
5.992101529619448996e+01
6.262278173375786849e+01
6.226004970555327844e+01
6.242868753308822249e+01
6.121008819617335206e+01
6.179478365949847785e+01
6.294365106029109569e+01
6.290647210644890919e+01
6.342756629223359255e+01
6.370621629727851598e+01
6.100086581351482806e+01
6.133455012060563405e+01
6.192851264154528224e+01
6.301914364892501652e+01
6.293445077173074509e+01
6.539225698216341698e+01
6.277680389334626909e+01
6.120623177019275118e+01
6.104486481040331824e+01
6.315756508548219017e+01
6.196554504038554967e+01
6.368636622820599058e+01
6.368797349383055462e+01
6.233479494285965927e+01
6.137983843603930012e+01
6.495413159378882995e+01
6.177252024148401688e+01
6.201990875658928104e+01
6.252850595489096719e+01
6.396144611005441760e+01
6.209688506078151704e+01
6.116421432073284592e+01
6.082895756092226236e+01
6.336862127109471743e+01
6.204476771050492090e+01
6.295538996579682589e+01
6.246853103223877213e+01
6.102811885118812540e+01
6.236597169795729201e+01
6.266141881955964266e+01
6.239830063807885097e+01
6.334721590890269027e+01
6.277609464795938266e+01
6.146897215050925212e+01
6.172013950931584958e+01
6.308645571708670730e+01
6.281390190410724017e+01
6.235580503395132013e+01
6.200011601497244840e+01
6.180074727696096204e+01
6.330440054695688445e+01
6.423526062111086787e+01
6.188615870487674897e+01
6.142239499172737993e+01
6.156456321131755516e+01
6.328620995613685096e+01
6.328488344971921720e+01
6.093032503498073993e+01
6.389911639247267772e+01
6.198375706563454912e+01
6.246897525141390872e+01
6.326199483721135408e+01
6.284017925811730265e+01
6.290542896178058641e+01
6.080113863622369763e+01
6.151802264367489670e+01
6.205642415324408034e+01
6.283098323365194915e+01
6.346017636882217516e+01
6.224192028210495664e+01
6.185823083402206635e+01
6.265721943219607937e+01
6.232427015800979575e+01
6.293218847378607705e+01
6.146936948807748280e+01
6.208599576170431789e+01
6.323983322925899131e+01
6.362810464785339803e+01
6.309861631662898418e+01
6.439800035686661772e+01
6.249346231941738239e+01
6.160542350556064406e+01
6.113669681946107914e+01
6.327996071695201863e+01
6.111168207930794694e+01
6.225144576440568045e+01
6.218590576372174894e+01
6.445593007722538914e+01
6.359297331001869935e+01
6.110711024885260656e+01
6.230752675701906185e+01
6.360609646266600947e+01
6.169692759797186454e+01
6.389044843729023881e+01
6.419334110978974195e+01
6.228727289408642065e+01
6.256371817859947271e+01
6.304151957604172907e+01
6.078895427663528750e+01
6.276143062361588676e+01
6.219179798769870615e+01
6.196687817217240024e+01
6.328620995613685096e+01
6.234903569428499281e+01
6.145760910711538827e+01
6.180074727696096204e+01
6.227116653211870556e+01
6.379861883048595672e+01
6.261381067354933094e+01
6.310923641676573226e+01
6.143720682107895925e+01
6.421088066507336123e+01
6.311435884704803811e+01
6.119241936035864171e+01
6.415740797597791811e+01
6.286197976275600752e+01
6.006344942770358841e+01
6.221556515272561683e+01
6.401924079905332121e+01
6.285893753090122971e+01
6.223179817508597012e+01
6.247485275241496794e+01
6.351633335974348427e+01
6.273551591584928389e+01
6.322584397642069121e+01
6.281993734778924221e+01
6.295538996579682589e+01
5.995475813030751766e+01
6.147419907046155174e+01
6.557194346297909249e+01
6.238998246296656447e+01
6.070148734643633048e+01
6.151802818170551035e+01
6.301664679683796066e+01
6.327602518490219552e+01
6.102811885118812540e+01
6.173581143743740540e+01
6.336517638706784794e+01
6.329961169459926396e+01
6.193559101729569960e+01
6.215388109565821395e+01
6.540201816060613282e+01
6.287279996346713062e+01
6.374740734082524796e+01
6.282909618144852715e+01
6.125651006788979913e+01
6.328620995613685096e+01
6.109192819458571933e+01
6.230840204411429539e+01
6.386848645621239484e+01
6.176390633643718786e+01
6.226358555246919479e+01
6.186691651161392258e+01
6.222914404617909412e+01
6.442284757152975772e+01
6.275992035951855996e+01
6.221632702883691479e+01
6.309975853072494800e+01
6.298469048720208008e+01
6.395039296785306249e+01
6.361877734556551189e+01
6.294921374225729238e+01
6.586947777548526517e+01
6.330831101985865672e+01
6.290642205190017933e+01
6.199059816278887070e+01
6.196970317981178766e+01
6.304662224401684512e+01
6.198816624284724242e+01
6.301070570638260904e+01
6.406202784126800509e+01
6.266576328646743832e+01
6.318440440483754372e+01
6.361877734556551189e+01
6.161813606315283920e+01
6.264339079286719425e+01
6.177252024148401688e+01
6.339232438803341552e+01
6.138795746167839695e+01
6.369814414782616296e+01
6.479934230517076799e+01
6.183961071906155382e+01
6.137983843603930012e+01
6.147220643235438331e+01
6.219179798769870615e+01
6.144712700112879844e+01
6.250667766222631627e+01
6.261424547010733477e+01
6.255214370177607464e+01
6.336785411479601038e+01
6.456147016679871342e+01
6.206516730503829393e+01
6.198375706563454912e+01
6.286118533415256593e+01
6.199667492558601367e+01
6.003814777450860163e+01
6.290647210644890919e+01
6.368797349383055462e+01
6.151994285386381733e+01
6.391097690986990898e+01
6.086914758226924249e+01
6.196554504038554967e+01
6.185823083402206635e+01
6.295759607903037391e+01
6.256033995285584837e+01
6.294259033741741405e+01
6.275930587786463377e+01
6.185042390534501067e+01
6.283024664647617641e+01
6.252000178962751420e+01
6.389911639247267772e+01
6.302161899990429106e+01
6.221632702883691479e+01
6.118683156502871157e+01
6.204177993662193558e+01
6.319455108308300595e+01
6.373431642070090675e+01
6.176911949823276871e+01
6.276524192705091565e+01
6.324275357884457804e+01
6.579219868019336559e+01
6.263370074433989032e+01
6.399778266870588084e+01
6.388307980339845926e+01
6.236597169795729201e+01
6.306761025822410716e+01
6.074549742149230980e+01
6.278245800652475594e+01
6.091709184381439712e+01
6.152066124668166225e+01
6.226523642907121570e+01
6.444429504419660759e+01
6.283642907956127033e+01
6.223187501480184380e+01
6.419432304949867785e+01
6.177239059732695381e+01
6.343373522898810535e+01
6.121045194335570727e+01
6.235695425942736847e+01
6.344750096178729848e+01
6.278496650014390923e+01
6.337676585204641100e+01
6.387949194118804996e+01
6.257444560574775494e+01
6.348406621471471567e+01
6.190100105847547241e+01
6.074513248033463952e+01
6.069212138982285865e+01
6.308907957534104582e+01
6.349094995006767306e+01
6.153733979435273227e+01
6.255491436719153597e+01
6.199699085359404904e+01
6.210834552970151634e+01
6.115135149391419844e+01
6.051719750959060207e+01
6.299895224229912571e+01
6.442661211843579849e+01
6.187190660828038347e+01
6.175293068133919405e+01
6.105048817271809014e+01
6.423289120355116211e+01
6.095752252027028106e+01
6.348135246415714050e+01
6.259885320528686492e+01
6.329961169459926396e+01
6.172501805565610766e+01
6.257184822243222300e+01
6.377208084395441290e+01
6.240386627330578762e+01
6.156769861704406566e+01
6.182516849330846753e+01
6.177239059732695381e+01
6.324368714307758665e+01
6.137892692105624093e+01
6.164860147526481882e+01
6.328046981494931345e+01
6.185823083402206635e+01
6.072327510578706722e+01
6.192140843928666527e+01
6.233393289562295791e+01
6.252704787858584723e+01
6.165992297029016811e+01
6.276690231954458454e+01
6.264460399196750728e+01
6.314777814063398864e+01
6.402257344980458242e+01
6.076164974840325783e+01
6.337507975707688956e+01
6.335235464961931484e+01
6.293218847378607705e+01
6.322240282214379903e+01
6.332320852137677036e+01
6.228070338145417395e+01
6.190833683358339812e+01
6.332346386352383405e+01
6.388298675467116539e+01
6.307957735573501878e+01
6.285907263088280672e+01
6.130325651618915117e+01
6.433965583236206953e+01
6.360080563349280425e+01
6.258896056203635538e+01
6.336862127109471743e+01
6.258964039148312253e+01
6.424800980447898269e+01
6.129736878676184375e+01
6.339846100070434431e+01
6.281454198553461055e+01
6.256605722074311160e+01
6.280636282115007418e+01
6.484142952686059402e+01
6.243814081332460830e+01
6.389092656160249106e+01
6.330113160258862592e+01
6.386979097563957453e+01
6.135105849064446915e+01
6.373431642070090675e+01
6.329221821683179883e+01
6.249536615088655367e+01
6.401468497923509915e+01
6.300577815300420781e+01
6.234057897218734468e+01
6.425431189262079101e+01
6.388298675467116539e+01
6.206516730503829393e+01
6.124514091534100402e+01
6.421088066507336123e+01
6.248383554353436153e+01
6.443564584496759551e+01
6.147220643235438331e+01
6.393901061038354783e+01
6.248804817355008367e+01
6.445593007722538914e+01
6.238865986990020929e+01
6.372647357803382562e+01
6.192851264154528224e+01
6.301108613601885367e+01
6.443372057605111536e+01
6.170353638389010342e+01
6.247535651477176089e+01
6.272844178696948347e+01
6.170930027452678246e+01
6.105048817271809014e+01
6.294222955838699818e+01
6.177252024148401688e+01
6.575248914871716011e+01
6.209430681444763422e+01
6.235695425942736847e+01
6.506281850825538982e+01
6.326294086927946836e+01
6.334897930284289203e+01
6.424241874675267638e+01
6.128347311662491848e+01
6.370158674025103807e+01
6.183961071906155382e+01
6.477919129094249229e+01
6.326821241883671121e+01
6.328488344971921720e+01
6.402884090820005270e+01
6.326821241883671121e+01
6.308809629932684260e+01
6.179832389732519005e+01
6.236659072299411122e+01
6.336174361901187524e+01
6.268511741612056198e+01
6.344750096178729848e+01
6.322584397642069121e+01
6.302427785689535256e+01
6.510425622166107473e+01
6.234994197181443809e+01
6.023796006305602901e+01
6.466057973894702116e+01
6.238081896657766379e+01
6.351633335974348427e+01
6.126191303612975503e+01
6.501472645893822744e+01
6.306210771850545882e+01
6.404742960550781561e+01
6.363127610103818199e+01
6.113477808476311992e+01
6.311080127924120120e+01
6.301137258223996440e+01
6.452093044534612432e+01
6.259321176530536945e+01
6.253517364101612941e+01
6.477828071819470779e+01
6.205453709210627977e+01
6.386848645621239484e+01
6.091709184381439712e+01
6.285660452561219103e+01
6.330440054695688445e+01
6.498067234427398375e+01
6.358947545833901671e+01
6.256390948284696663e+01
6.059907297293531059e+01
6.212997038255632276e+01
6.433711973282581198e+01
6.074655177286476260e+01
6.199059816278887070e+01
6.323803722886896139e+01
6.412191751704855847e+01
6.233294034739975586e+01
6.316386234825601775e+01
6.189919104434942199e+01
6.380771995754606252e+01
6.230551317246511189e+01
6.487839583141744981e+01
6.306946192668551276e+01
6.396144611005441760e+01
6.220687039526069384e+01
6.280289217358545528e+01
6.376382389815833562e+01
6.275918816159933300e+01
6.185194935290385843e+01
6.185464861886805465e+01
6.436820311123921101e+01
5.958269477801533043e+01
6.219171371736933196e+01
6.336862127109471743e+01
6.392215292475484034e+01
6.190833683358339812e+01
6.294259033741741405e+01
6.187690703656198110e+01
6.372969202069182870e+01
6.289094491758488203e+01
6.159939910964040877e+01
6.074549742149230980e+01
6.419432304949867785e+01
6.156066814768781370e+01
6.254945632533161870e+01
6.339378023092550052e+01
6.229791896026769393e+01
6.283817091164318924e+01
6.086615772673824409e+01
6.120623177019275118e+01
6.298067016540389318e+01
6.292017508082229682e+01
6.567987480440707770e+01
6.252015696901025166e+01
6.346829256587608370e+01
6.194091290827184082e+01
6.335680707822445612e+01
6.185540174984814143e+01
6.247842930621973778e+01
6.280809584959388303e+01
6.190100105847547241e+01
6.188615870487674897e+01
6.356468558838811589e+01
6.402140886032536571e+01
6.348406621471471567e+01
6.176911949823276871e+01
6.229176357298953093e+01
6.261136557519251511e+01
6.210813347719508215e+01
6.339232438803341552e+01
6.130325651618915117e+01
6.193629959490268533e+01
6.233479494285965927e+01
6.126775023964703593e+01
6.421819497589906689e+01
6.352602388381490073e+01
6.268610204885063553e+01
6.057472210401293466e+01
6.327260128319650789e+01
6.419334110978974195e+01
6.378990963811372694e+01
6.139118831885941319e+01
6.375077755232140220e+01
6.337507975707688956e+01
6.274803294431463740e+01
6.354837773881326513e+01
6.264484700187152555e+01
6.328685229283751568e+01
6.307967088447157522e+01
6.305835003382417625e+01
6.360609646266600947e+01
6.412018325852457679e+01
6.186691651161392258e+01
6.344750096178729848e+01
6.359668220450460296e+01
6.316672533401070666e+01
6.179832389732519005e+01
6.140838871561181378e+01
6.267030956078802717e+01
6.442284757152975772e+01
6.324932372458184915e+01
6.188423932211604495e+01
6.375077755232140220e+01
6.155835695814554498e+01
6.515979369161549073e+01
6.285979144439810540e+01
6.261427870819035491e+01
6.196970317981178766e+01
6.438753731402626101e+01
6.239244731850654802e+01
6.308645571708670730e+01
6.159184466308249739e+01
6.604832402189390450e+01
6.135105849064446915e+01
6.156769861704406566e+01
6.395945295850836487e+01
6.168187058071811180e+01
6.218590576372174894e+01
6.262302871253473313e+01
6.227311582887965358e+01
6.404423713827866038e+01
6.334721590890269027e+01
6.147419907046155174e+01
6.229347180285775920e+01
6.308837700477371868e+01
6.226688429360805799e+01
6.185540174984814143e+01
6.164332358970497694e+01
6.287279996346713062e+01
6.298596577697429666e+01
6.309544186895050899e+01
6.265670058544407794e+01
6.292942604606199808e+01
6.111168207930794694e+01
6.285038073723013952e+01
6.315648149279222423e+01
6.279656127306147084e+01
6.396144611005441760e+01
6.103848667487071822e+01
6.191260013333042167e+01
6.002716409648465401e+01
6.166126760064267387e+01
6.347344224083466457e+01
6.184703954727835651e+01
6.300143594818135284e+01
6.194265361883977050e+01
6.372969202069182870e+01
6.233055442307112770e+01
6.177239059732695381e+01
5.972696422300035834e+01
6.367929145863718077e+01
6.125725921215855152e+01
6.326838238492097588e+01
6.261100618744116275e+01
6.349653931042787036e+01
6.095170066400525855e+01
6.385534801729279053e+01
6.234057897218734468e+01
6.277387422810136997e+01
6.199059816278887070e+01
6.303253308132129717e+01
6.137892692105624093e+01
6.330853431645315510e+01
6.359297331001869935e+01
6.185042390534501067e+01
6.314366608366584188e+01
6.416408790843087218e+01
6.275223253063752793e+01
6.151052726672049431e+01
6.164860147526481882e+01
6.402140886032536571e+01
6.439800035686661772e+01
6.347344224083466457e+01
6.254058980041396865e+01
6.236824020634305299e+01
6.373782462127937976e+01
6.513819467305441435e+01
6.142098830277569022e+01
6.007839880186228498e+01
6.216166469993550692e+01
6.610840818580700784e+01
6.289333370115728172e+01
5.997372885779054030e+01
6.328673588866312372e+01
6.393901061038354783e+01
6.261751952731624726e+01
6.321996637949146702e+01
6.461125799913503442e+01
6.122245608564242758e+01
6.010223901036984984e+01
6.278589509175691319e+01
6.312892579464308795e+01
6.142239499172737993e+01
6.268883835434190388e+01
6.146210208675977071e+01
6.404423713827866038e+01
6.174194938046007053e+01
6.347148218363552985e+01
6.210813347719508215e+01
6.348913237724428171e+01
6.185222343330305250e+01
6.126191303612975503e+01
6.178271679311261266e+01
6.322240282214379903e+01
6.337676585204641100e+01
6.217426114440910112e+01
6.184987282040750500e+01
6.385534801729279053e+01
6.354500285827964490e+01
6.328997310247316221e+01
5.875029582438288855e+01
6.226523642907121570e+01
6.164380691158488901e+01
6.155835695814554498e+01
6.226459571762691070e+01
6.226543947119829170e+01
6.308601761065160218e+01
6.428533314433111912e+01
6.086188423674290249e+01
6.164054297622556788e+01
6.304379815991597269e+01
6.210675849975534391e+01
6.127673064774551648e+01
6.348333613387890040e+01
6.317726293494408907e+01
6.280021378682263133e+01
6.053234226540299545e+01
6.360396189327960315e+01
6.295558840345923102e+01
6.181214613072534547e+01
6.302303512753444181e+01
6.193629959490268533e+01
6.455530378314072948e+01
6.253986880399352799e+01
6.423744525785491533e+01
6.311375468883939277e+01
6.308837700477371868e+01
6.209688506078151704e+01
6.210813347719508215e+01
6.159244614522540928e+01
6.105969088036328429e+01
6.293309421722808139e+01
6.210675849975534391e+01
6.387949194118804996e+01
6.225616989980343874e+01
6.370418570394858904e+01
6.254571269410631373e+01
6.310748851907383994e+01
6.206933286562752272e+01
6.318241240262308622e+01
6.318241240262308622e+01
6.142002363012483102e+01
6.262982453610883482e+01
6.195738039254074891e+01
6.374818527327567352e+01
6.347458781199449618e+01
6.409686020442023846e+01
6.302430110645656924e+01
6.166126760064267387e+01
6.368636622820599058e+01
6.247485275241496794e+01
6.223179817508597012e+01
6.433965583236206953e+01
6.315329768082940376e+01
6.242914997025408042e+01
6.495852708883818138e+01
6.175959558127311766e+01
6.244901827257331917e+01
6.151994285386381733e+01
6.179478365949847785e+01
5.981112059558908811e+01
6.430079890413450983e+01
6.253016333643811464e+01
6.276794138083313612e+01
6.245876798366225557e+01
6.151052726672049431e+01
6.190289676474549907e+01
6.095170066400525855e+01
6.370418570394858904e+01
6.400637733515952732e+01
6.293445077173074509e+01
6.274545109549647748e+01
6.406202784126800509e+01
6.151375068030385762e+01
6.263118496096704746e+01
6.255967511472980647e+01
6.243097974470083500e+01
6.327602518490219552e+01
6.271186424643920532e+01
6.318241240262308622e+01
6.380708438609168098e+01
6.391097690986990898e+01
6.421819497589906689e+01
6.263883076867443833e+01
6.373782462127937976e+01
6.190100105847547241e+01
6.381871934681298342e+01
6.310683195392711298e+01
6.300577815300420781e+01
6.233055442307112770e+01
6.372284028103787534e+01
6.491391886012213774e+01
6.243381208035332008e+01
6.356468558838811589e+01
6.317490528677426198e+01
6.237351367834757099e+01
6.330440054695688445e+01
6.366721916736306497e+01
6.244957786580470582e+01
6.455530378314072948e+01
6.395945295850836487e+01
6.291238498146282154e+01
6.375253128767727162e+01
6.367073725658421068e+01
6.322915835808176155e+01
6.466057973894702116e+01
6.277359353279674536e+01
6.156173074688409486e+01
6.255704144728001381e+01
6.125725921215855152e+01
6.225256990026441883e+01
6.220632251282150804e+01
6.339846100070434431e+01
6.103481641691215032e+01
6.146104202528132276e+01
6.146104202528132276e+01
6.070148734643633048e+01
6.316761113716742670e+01
6.322458010383235205e+01
6.124514091534100402e+01
6.373997017111442176e+01
6.254088874236875029e+01
6.229176357298953093e+01
6.232579697310699629e+01
6.201888455156488078e+01
6.052577367633342931e+01
6.391384705814677858e+01
6.336517638706784794e+01
6.369814414782616296e+01
6.409551968396868915e+01
6.288344965683797483e+01
6.211757092092366150e+01
6.246897525141390872e+01
6.259522006782766113e+01
6.377208084395441290e+01
6.258725837426482030e+01
6.113762304244707479e+01
6.160542350556064406e+01
6.053075680189927965e+01
6.467615094630808414e+01
6.220687039526069384e+01
6.253342413233210806e+01
6.479586892757953365e+01
6.358947545833901671e+01
6.310480170071672035e+01
6.290798237444457897e+01
6.371949784263470917e+01
6.129736878676184375e+01
6.399778266870588084e+01
6.404742960550781561e+01
6.368636622820599058e+01
6.328488344971921720e+01
6.262728622758720576e+01
6.294921374225729238e+01
6.309861631662898418e+01
6.372647357803382562e+01
6.375215923661776429e+01
6.321303495987521615e+01
6.375215923661776429e+01
6.286186633159468329e+01
6.422567888667737179e+01
6.224918756510123785e+01
6.017331941374185789e+01
6.219171371736933196e+01
6.222914404617909412e+01
6.254797703005016274e+01
6.213019630709128904e+01
6.020452571810803732e+01
6.372647357803382562e+01
6.162140472175425998e+01
6.304258951872895267e+01
6.135481874391515333e+01
6.339846100070434431e+01
6.155835695814554498e+01
6.319192324648269476e+01
6.089665210539323681e+01
6.279190876078545358e+01
6.252332938211402080e+01
6.199414459121425125e+01
6.311436639789879166e+01
6.290381740724230042e+01
6.283906847822709807e+01
6.353621466197697742e+01
6.372284028103787534e+01
6.185042390534501067e+01
6.201992617020386689e+01
6.243025183101443076e+01
6.170930027452678246e+01
6.187965766558488667e+01
6.348913237724428171e+01
6.146936948807748280e+01
6.096974314966568897e+01
6.246609098710427332e+01
6.109786599206675817e+01
6.321996637949146702e+01
6.372969202069182870e+01
6.023431131296865715e+01
6.113669681946107914e+01
6.372969202069182870e+01
6.346845209708715885e+01
6.295171518719296699e+01
6.364350046086128287e+01
6.369149414842000567e+01
6.318211724430062048e+01
6.227116653211870556e+01
6.138795746167839695e+01
6.255137117656175150e+01
6.438438055120296610e+01
6.477726081136833614e+01
6.209430681444763422e+01
6.331863720060960787e+01
6.195624770137003878e+01
6.314366608366584188e+01
6.248703360814380403e+01
6.391384705814677858e+01
6.153733979435273227e+01
6.140838871561181378e+01
6.045233274058882245e+01
6.135105849064446915e+01
6.146210208675977071e+01
6.245171716347577018e+01
6.281568074736224361e+01
6.452975601266054184e+01
6.106827996231582745e+01
6.375077755232140220e+01
6.276073436376876913e+01
6.024204259966884223e+01
6.360454070203226706e+01
6.494736399429370977e+01
6.370621629727851598e+01
6.330153206769531948e+01
6.451817322093880591e+01
6.236264736765959782e+01
6.566364215756802025e+01
6.142098830277569022e+01
6.451376699416817928e+01
6.108138055899276253e+01
6.194091290827184082e+01
6.110600933759899078e+01
6.346829256587608370e+01
6.468189978211374580e+01
6.304767496008114591e+01
6.219375105034200857e+01
6.358711936467494041e+01
6.446193328910936771e+01
6.165992297029016811e+01
6.283611864949671144e+01
6.459372701383415460e+01
6.082704654271774558e+01
6.388307980339845926e+01
6.266760641702789769e+01
6.210834552970151634e+01
6.234624231067297018e+01
6.276287279940089547e+01
6.321253152208527126e+01
6.399778266870588084e+01
6.201992617020386689e+01
6.316229766264630285e+01
6.238119873805280236e+01
5.991641014476613947e+01
6.277842755991389367e+01
6.289094491758488203e+01
6.285465493098975998e+01
6.102811885118812540e+01
6.278131663851604571e+01
6.093143337469450671e+01
6.142239499172737993e+01
6.083957836041818013e+01
6.222914404617909412e+01
6.348135246415714050e+01
6.314165735423602399e+01
6.428533314433111912e+01
6.288277489331544956e+01
6.244957786580470582e+01
6.373431642070090675e+01
6.339378023092550052e+01
6.215388109565821395e+01
6.188423932211604495e+01
6.072152513632921256e+01
6.367929145863718077e+01
6.258797642437414765e+01
6.229254120466900702e+01
6.207729239658787890e+01
6.206301311503526819e+01
6.400492331026265447e+01
6.190833683358339812e+01
6.355605481417758540e+01
6.105048817271809014e+01
6.425431189262079101e+01
6.140302061994861305e+01
6.319118540430467590e+01
6.306550313782793893e+01
6.367803008828985867e+01
6.153321620650493884e+01
6.364168442149521354e+01
6.218590576372174894e+01
6.344192917527008291e+01
6.356468558838811589e+01
6.255536220611508469e+01
6.230551317246511189e+01
6.251017330927528803e+01
6.469714817534192264e+01
6.324596936802237224e+01
6.263236737469317461e+01
6.271328836653887606e+01
6.198560956310540604e+01
6.316672049794404131e+01
6.372647357803382562e+01
6.226459571762691070e+01
6.519574968774605850e+01
6.149477292730964706e+01
6.554579916406876805e+01
6.395039296785306249e+01
6.189919104434942199e+01
6.255379601034070447e+01
6.409551968396868915e+01
6.245757335943117283e+01
6.328997310247316221e+01
6.209644297958401893e+01
6.065766114391912822e+01
6.293267023414077244e+01
6.250995753285157974e+01
6.093032503498073993e+01
6.304665924955941136e+01
6.274058589656924312e+01
6.256893706540006406e+01
6.019271495613654821e+01
6.310748851907383994e+01
6.065766114391912822e+01
6.206361752540148302e+01
6.132781690003226061e+01
6.228297402003263272e+01
6.254378437940496838e+01
6.282389461456234869e+01
6.267550044099868956e+01
6.126775023964703593e+01
6.458239954380015035e+01
6.505630764062462390e+01
6.210875151856639320e+01
6.159184466308249739e+01
6.358947545833901671e+01
6.248591818048893032e+01
6.195253356403392075e+01
6.180237455533389124e+01
6.311435884704803811e+01
6.158326642616349744e+01
5.991818459886706449e+01
6.176418724152586748e+01
6.326838238492097588e+01
6.277978849958157781e+01
6.240804346322017437e+01
6.288234130699196101e+01
6.115135149391419844e+01
6.289058278765001830e+01
6.232555345607699593e+01
6.195361116782126487e+01
6.384083589982665075e+01
6.566318062363320962e+01
6.179832389732519005e+01
6.068156147187784200e+01
6.280495332205017434e+01
6.454799484145864596e+01
6.280529828224573663e+01
6.299688470685064345e+01
6.482023449185494712e+01
6.298832268723649008e+01
6.448625481811251348e+01
6.337926004235846733e+01
6.190438962843462178e+01
6.371555344715050495e+01
6.266907406122588498e+01
6.073904457351289921e+01
6.310480170071672035e+01
6.203686580493028657e+01
6.318304221986645075e+01
6.042772149685163896e+01
6.367788716812901839e+01
6.380771995754606252e+01
6.057821396794950175e+01
6.304258951872895267e+01
6.103481641691215032e+01
6.253712293501462227e+01
6.103848667487071822e+01
6.188881741636329537e+01
6.326294086927946836e+01
6.251551526186450758e+01
6.131567612546905366e+01
6.193559101729569960e+01
6.303241885876445139e+01
6.370621629727851598e+01
6.323803722886896139e+01
6.144712700112879844e+01
6.322860953734242884e+01
6.404792167421963711e+01
6.445593007722538914e+01
6.366721916736306497e+01
6.285502699919091185e+01
6.273065044387026035e+01
6.262058515810012693e+01
6.409551968396868915e+01
6.328046981494931345e+01
6.138403239573532488e+01
6.174194938046007053e+01
6.351190208292182149e+01
6.002930837713349632e+01
6.189919104434942199e+01
6.338233427995771763e+01
6.260004977768350898e+01
6.212997038255632276e+01
6.155835695814554498e+01
6.317726293494408907e+01
6.351190208292182149e+01
6.234994197181443809e+01
6.402257344980458242e+01
6.277656415700948145e+01
6.389044843729023881e+01
6.332708998500884690e+01
6.169666677768027796e+01
6.464645540178256056e+01
6.364168442149521354e+01
6.329221821683179883e+01
6.264386097472463888e+01
6.279799462823717704e+01
6.238977127614306539e+01
6.334897930284289203e+01
6.446193328910936771e+01
6.500275833945980253e+01
6.338816123000617608e+01
6.249046856859933285e+01
6.078895427663528750e+01
6.446101498814950048e+01
6.187690703656198110e+01
6.321491510126109148e+01
6.167339778825314767e+01
6.354837773881326513e+01
6.419432304949867785e+01
6.128646693795295164e+01
6.196280887007812055e+01
6.257163573003185775e+01
6.116421432073284592e+01
6.349817997987119611e+01
6.254582983002082841e+01
6.270405403767025376e+01
6.347344224083466457e+01
6.406202784126800509e+01
6.201231701164188337e+01
6.456670804269569430e+01
6.334721590890269027e+01
6.401924079905332121e+01
6.386979097563957453e+01
6.291738802966556676e+01
6.199455394169675060e+01
6.074513248033463952e+01
6.326838238492097588e+01
6.059319249552031295e+01
6.364168442149521354e+01
6.348913237724428171e+01
6.109576303157341215e+01
6.178897854657543576e+01
6.434899686969565380e+01
6.311047499356651258e+01
6.375215923661776429e+01
6.238081896657766379e+01
6.069212138982285865e+01
6.268824281903066975e+01
6.305368595379283647e+01
6.422547580151885427e+01
6.470391885168959334e+01
6.272600932679473118e+01
6.258858812800283999e+01
6.258941542558162041e+01
6.053982635176524951e+01
6.302054571045309928e+01
6.324368714307758665e+01
6.429365537384742879e+01
6.086722203689181043e+01
6.391384705814677858e+01
6.324275357884457804e+01
6.178679890524304597e+01
6.293373551016965450e+01
6.263599481942679859e+01
6.098789107792774900e+01
6.360454070203226706e+01
6.225616989980343874e+01
6.335054056892454355e+01
6.351190208292182149e+01
6.455530378314072948e+01
6.271446007374490250e+01
6.284228457161727732e+01
6.129691198160492149e+01
6.220842465481256767e+01
6.617802417841292595e+01
6.318304221986645075e+01
6.179478365949847785e+01
6.385121735229121498e+01
6.298165927593345259e+01
6.326352827463337292e+01
6.274666638904564309e+01
6.251322185869335613e+01
6.277742064210168849e+01
5.947575763818498729e+01
6.461035794599506232e+01
6.277324827144868635e+01
6.373786070865469355e+01
6.316981438315902864e+01
6.283601682036847791e+01
6.336785411479601038e+01
5.993438472502664638e+01
6.122144201778693429e+01
6.095398080869887991e+01
6.351190208292182149e+01
6.298271563699776721e+01
6.329202614131983751e+01
6.273306695405328526e+01
6.242654376399608651e+01
6.222329305694027823e+01
6.278478784107800692e+01
6.193559101729569960e+01
6.264121555723914980e+01
6.277428353455263021e+01
6.279257207783638250e+01
6.322100414946699942e+01
6.348333613387890040e+01
6.240292911526652375e+01
6.083957836041818013e+01
6.297879965926156132e+01
6.196554504038554967e+01
6.338233427995771763e+01
6.209378459498496738e+01
6.111037561671229668e+01
6.199699085359404904e+01
6.208599576170431789e+01
6.404760321537931134e+01
6.290633424713316657e+01
6.491977448235263637e+01
6.109576303157341215e+01
6.395945295850836487e+01
6.184987282040750500e+01
6.091473861711672555e+01
6.404423713827866038e+01
6.279609746007611903e+01
6.139118831885941319e+01
6.260376957310022306e+01
6.226688429360805799e+01
6.149477292730964706e+01
6.406202784126800509e+01
6.479571692056669008e+01
6.322860953734242884e+01
6.283146189547694860e+01
6.073904457351289921e+01
6.320178459039519225e+01
6.045813356784690740e+01
6.237030266214767238e+01
6.364350046086128287e+01
6.374818527327567352e+01
6.439800035686661772e+01
6.106827996231582745e+01
6.211757092092366150e+01
6.178271679311261266e+01
6.145760910711538827e+01
6.388307980339845926e+01
6.268463308974580173e+01
6.185194935290385843e+01
6.389092656160249106e+01
6.219426305131515420e+01
6.316981438315902864e+01
6.523256846357008953e+01
6.298330685845110111e+01
6.195624770137003878e+01
6.484338201306452731e+01
6.164332358970497694e+01
6.271675496668177630e+01
6.284987090382924180e+01
6.510826082677915849e+01
6.346829256587608370e+01
6.332708998500884690e+01
6.327996071695201863e+01
6.346017636882217516e+01
6.187190660828038347e+01
6.482023449185494712e+01
6.233144038592202207e+01
6.227512721992951583e+01
6.254471511522687877e+01
6.197122493837285617e+01
6.288140908223304137e+01
6.187190660828038347e+01
6.487407404608221384e+01
6.289825436302584194e+01
6.266283455034611194e+01
6.286757866674604855e+01
6.041504576756445744e+01
6.423289120355116211e+01
6.176390633643718786e+01
6.380388644677088905e+01
6.329202614131983751e+01
6.373585851235553434e+01
6.385786158548408764e+01
6.281170593654709933e+01
6.395039296785306249e+01
6.082895756092226236e+01
6.192140843928666527e+01
6.190100105847547241e+01
6.479571692056669008e+01
6.068786495882726229e+01
6.248366793432629152e+01
6.492212041052619043e+01
6.331863720060960787e+01
6.263836550133722625e+01
6.147220643235438331e+01
6.388298675467116539e+01
6.209430681444763422e+01
6.206179365573326834e+01
6.143720682107895925e+01
6.185042390534501067e+01
6.120623177019275118e+01
6.077578853594394559e+01
6.360396189327960315e+01
6.433711973282581198e+01
6.224536754113410808e+01
6.216246458965711952e+01
6.409686020442023846e+01
6.286713631608854769e+01
6.227234755277143563e+01
6.250067524936095964e+01
6.113669681946107914e+01
6.269356982993849670e+01
6.178608859182767077e+01
6.162140472175425998e+01
6.228070338145417395e+01
6.307957735573501878e+01
6.395039296785306249e+01
6.354824768860721917e+01
6.403746929630372620e+01
6.404760321537931134e+01
6.153321620650493884e+01
6.302676823208931722e+01
6.151802818170551035e+01
6.286409713503947927e+01
6.385121735229121498e+01
6.374740734082524796e+01
6.330882406979110044e+01
6.318440440483754372e+01
6.308907957534104582e+01
6.339378023092550052e+01
6.422547580151885427e+01
6.352602388381490073e+01
6.352546134805196942e+01
6.248383554353436153e+01
6.180237455533389124e+01
6.319745960476574709e+01
6.373786070865469355e+01
6.280468292711204015e+01
6.330153206769531948e+01
6.216246458965711952e+01
6.189837743527142067e+01
6.354500285827964490e+01
6.108817769778023177e+01
6.275355835145825978e+01
6.408673463181540342e+01
6.101025414565462057e+01
6.178897854657543576e+01
6.229254120466900702e+01
6.364168442149521354e+01
6.501927041610798597e+01
6.206301311503526819e+01
6.270467104346031562e+01
6.210675849975534391e+01
6.360454070203226706e+01
6.429124079657141522e+01
6.328673588866312372e+01
6.278054919532299039e+01
6.255016202050940421e+01
6.020948522709499429e+01
6.221066063992123674e+01
6.247941407322260687e+01
6.097535017099535537e+01
6.328189158668649839e+01
6.330853431645315510e+01
6.272634539371731677e+01
6.320178459039519225e+01
6.257854387166419485e+01
6.287960148548572192e+01
6.385786158548408764e+01
6.373997017111442176e+01
6.319192324648269476e+01
6.312299291092678999e+01
6.312806922732596604e+01
6.294837473371786274e+01
6.219035568239824840e+01
6.187931666310512924e+01
6.310683195392711298e+01
6.128646693795295164e+01
6.091473861711672555e+01
6.204737532110289067e+01
6.396144611005441760e+01
6.491361902990036015e+01
6.248727209744615863e+01
6.404742960550781561e+01
6.186205564296896142e+01
6.429365537384742879e+01
6.232579697310699629e+01
6.100086581351482806e+01
6.442661211843579849e+01
6.138795746167839695e+01
6.315500115739228448e+01
6.424241874675267638e+01
6.314777814063398864e+01
6.499766755458587397e+01
6.311812874759935710e+01
6.423744525785491533e+01
6.245876798366225557e+01
6.189837743527142067e+01
6.260717474756866352e+01
6.360080563349280425e+01
6.169666677768027796e+01
6.159244614522540928e+01
6.188423932211604495e+01
6.347344224083466457e+01
6.416043394060501726e+01
6.151375068030385762e+01
6.327453788218873143e+01
6.332346386352383405e+01
6.354837773881326513e+01
6.297871921328573563e+01
6.360396189327960315e+01
6.321980535005173607e+01
6.178679890524304597e+01
6.264743943487407307e+01
6.359297331001869935e+01
6.429365537384742879e+01
6.338733057461265474e+01
6.402413374274648561e+01
6.185216957766064638e+01
