C sigma mu1 mu2 a1 a2 W lam0
1.320571447410815722e+02 1.017172117268282827e+00 1.211060113483445321e+03 1.215082045913652109e+03 2.505496181705520371e+02 1.840496598978256060e+01 2.036653031440756934e+00 1.211335340357983569e+03
2.628306926005026298e+02 5.259738635827395647e-01 1.217343474211988905e+03 1.218107277255810004e+03 3.124127578727000696e+02 1.392062950382230042e+02 1.718288866655976799e+00 1.217578907573765491e+03
1.217124752273320638e+02 2.939767717775320754e+00 1.211521602954218906e+03 1.214140771115560710e+03 2.118745745138128314e+02 1.376397910252778729e+02 2.871639615300526582e+00 1.212553039123748249e+03
2.959472515752978552e+02 1.752907359301622225e+00 1.214987895061826976e+03 1.217995998004951844e+03 4.858689825757487313e+01 9.637798690824071457e+01 4.898335240289676262e-01 1.216987792524854058e+03
2.671557597373503654e+02 2.052046913962368713e+00 1.215763233685185014e+03 1.215831737903855128e+03 2.444482214979053936e+02 2.903842942666403815e+01 1.023697378613297237e+00 1.215770507367145683e+03
2.504748855670141552e+02 6.289972275431205961e-01 1.211660666614353659e+03 1.212735553113994456e+03 3.522124217666084860e+02 3.321128925589013647e+02 2.732111496034279163e+00 1.212182324453242700e+03
1.329616909386224108e+02 1.978826067203272032e+00 1.215595067824259331e+03 1.217377680488870055e+03 3.091262189593313678e+02 1.344006342505406906e+02 3.335749192710043776e+00 1.216135247682621412e+03
2.014370417898020378e+02 1.266857227783699358e+00 1.212710398638502284e+03 1.212888592184963045e+03 2.835188242227306432e+02 2.430787325145627449e+02 2.614204180414810619e+00 1.212792653219560862e+03
2.623908159150620349e+02 2.307509393015710231e+00 1.211994639786813650e+03 1.214048959102743765e+03 1.074641382641239318e+00 1.478985251124216305e+01 6.046131545632627696e-02 1.213909802028788135e+03
2.057473447928202006e+02 8.686274429498902494e-01 1.213677372512324155e+03 1.218707262285003026e+03 2.982238358624940133e+01 2.291604637200330217e+02 1.258742111919200601e+00 1.218128060597487320e+03
1.146081553207546051e+02 2.066760935457878201e+00 1.210609711726541491e+03 1.214422599410889234e+03 1.304174530106659233e+02 2.228269218998326551e+02 3.082192309280881393e+00 1.213014885273800928e+03
2.361821236942915618e+02 2.020123283402406322e+00 1.211060357119859191e+03 1.216775515562229884e+03 3.101843600345704886e+02 2.930759249324003122e+02 2.554216532271580409e+00 1.213836895520235885e+03
1.584731856529420781e+02 2.707054933593514345e+00 1.217020716327970376e+03 1.218826722292412796e+03 2.318253256387991144e+02 2.194521997127845125e+01 1.601346906509708790e+00 1.217176893626103492e+03
2.661257023149897805e+02 1.385406843479449313e+00 1.216912003074591439e+03 1.219937241642314120e+03 3.652362574332696568e+02 1.021132717333130415e+02 1.756123234626251195e+00 1.217573000868843792e+03
2.113761647275522364e+02 1.116018484550705292e+00 1.211590022275340289e+03 1.213450844341799211e+03 1.338672123334545176e+02 2.061648340757891162e+01 7.308472832788462936e-01 1.211838356619450678e+03
1.469649550500790269e+02 1.834663638428672972e+00 1.217223204925769778e+03 1.219592960915548474e+03 2.502703288820227954e+02 3.218413733945313879e+02 3.892844400092554835e+00 1.218556310889737006e+03
2.877389797506806985e+02 9.683393594730911325e-01 1.213483267193745405e+03 1.216451089991289336e+03 3.648782048728927521e+02 3.872464963250685059e+02 2.613913143953107365e+00 1.215011310320413259e+03
2.348199290567012270e+02 1.689438839936401315e+00 1.217427926409176962e+03 1.219495223847753323e+03 1.044118868231417991e+02 1.919241382547864418e+02 1.261971359366065304e+00 1.218766826326292176e+03
2.901518720929894357e+02 2.670852893886312973e+00 1.214051529435266730e+03 1.215539641638901458e+03 1.015633118886588306e+02 1.110210066565471720e+02 7.326656795689253654e-01 1.214828687957569855e+03
1.803532227969635358e+02 7.226894984926615084e-01 1.215530865969422166e+03 1.218971851886540207e+03 3.089302806830751535e+01 2.116912541923889535e+02 1.345050997695732109e+00 1.218533643468709215e+03
2.354900745686069286e+02 2.199433968715059695e+00 1.214257332729215477e+03 1.219774072229715102e+03 9.197690543473591163e+00 3.787214277322136695e+02 1.647284366384928589e+00 1.219643268512280201e+03
2.520198463730201013e+02 2.564561410576505551e+00 1.215264187762508755e+03 1.215799776115322629e+03 3.702866578200522554e+02 9.808879060294665919e+01 1.858486365910033022e+00 1.215376352509754497e+03
2.719175820981294009e+02 5.481076348653178831e-01 1.213597465320069887e+03 1.214351077048717343e+03 6.769702803543715675e+01 3.831934355159121424e+02 1.658187970311652437e+00 1.214237929225806738e+03
1.909656594613774132e+02 1.089237618676797359e+00 1.213568298756446211e+03 1.215866476659671662e+03 9.329681020864195773e+01 1.190519285201828552e+02 1.111973426676601484e+00 1.214856757134392410e+03
1.244506166087379313e+02 6.643902718391173634e-01 1.211192606734554829e+03 1.214620511385744976e+03 2.711387283570236661e+01 2.368042276775871073e+02 2.120665270329880059e+00 1.214268342396105936e+03
2.275692311742226082e+02 2.468955628022211357e+00 1.213286891990903996e+03 1.218703609869453430e+03 2.386343105928478110e+02 3.568200267604644864e+02 2.616585442069029099e+00 1.216532805736311730e+03
1.638476659344919426e+02 7.846542376368385030e-01 1.210362443125221716e+03 1.219035092177762181e+03 3.005285750417261283e+02 3.785367210285383521e+02 4.144491727711043794e+00 1.215196906252667759e+03
1.147036837854776650e+02 1.808298336126208383e-01 1.212916135816187989e+03 1.214636188598566605e+03 2.592661765824456097e+02 4.222320708984889848e+01 2.628419364770787414e+00 1.213157027034151497e+03
2.374489215317162518e+02 1.990480857712988882e+00 1.215487529405210807e+03 1.219729099317325108e+03 1.099667023608977559e+02 7.975302098440452880e+01 7.989917247106184117e-01 1.217270570241676751e+03
1.136054093107564000e+02 2.849077009940668148e+00 1.212495657643408094e+03 1.216919287780869809e+03 3.169842590179737840e+02 2.974268569288654476e+02 5.408291028345121987e+00 1.214637068132008153e+03
1.801252723445386437e+02 1.018071177397730009e+00 1.210223330235827916e+03 1.211299304537370972e+03 2.251343572016176608e+02 2.619376808866009583e+02 2.704073846764604383e+00 1.210801967872974956e+03
2.079782842922691373e+02 5.467430475579585503e-01 1.210559156198113442e+03 1.213604457892067103e+03 3.828191272575019184e+02 1.114791075929288979e+02 2.376681952793687103e+00 1.211245963253566288e+03
2.902084826717193664e+02 1.379944692810496365e+00 1.216102552714317198e+03 1.218298632207155606e+03 1.137109815738898391e+02 1.232277857868732269e+02 8.164432864934053624e-01 1.217244695962249352e+03
2.004164960434400200e+02 1.387252406042135400e+00 1.210790403229140793e+03 1.216883803363170045e+03 3.291515378705246917e+02 2.383346951198075772e+02 2.831534550266412875e+00 1.213349529034773468e+03
2.980939441734756201e+02 2.088983892807260823e+00 1.210371841804923179e+03 1.218193790308345342e+03 1.981879780171076391e+02 1.028473144025341384e+02 1.009867185508654508e+00 1.213044174309546861e+03
1.163294344211090845e+02 2.594508181109431266e+00 1.211659864991973564e+03 1.214039880395968339e+03 1.637254703629491246e+02 2.927958257292582402e+02 3.924383354599781715e+00 1.213186318591019244e+03
2.288365386585726640e+02 2.630828190310899206e+00 1.210437892402074340e+03 1.214335894589921281e+03 3.969034893862847753e+02 1.270675085546423020e+02 2.289717372113809102e+00 1.211383191718824037e+03
2.288909146421256935e+02 2.995187330474151644e+00 1.210541543014154740e+03 1.212242416652767815e+03 1.588867147879921617e+02 3.736131738814613072e+02 2.326435234452292722e+00 1.211734911899322697e+03
1.561240356505099669e+02 1.393017475712584385e+00 1.210465768233753124e+03 1.214311859285343417e+03 1.068877336062772798e+02 6.276082471131454099e+01 1.086626781140586528e+00 1.211888614668208220e+03
2.137539955214425618e+02 1.030809678921953410e+00 1.212117410289316922e+03 1.219359082800807073e+03 2.433959160667848494e+02 1.280642589005935292e+02 1.737792896274145571e+00 1.214614042461167401e+03
1.594011899902205300e+02 9.951507075807310976e-01 1.212305910347532063e+03 1.217618357092801716e+03 4.886941900851105203e+01 1.239417430212625106e+02 1.084127176468229203e+00 1.216116045651193190e+03
1.481625447479749482e+02 1.286354229871413013e+00 1.213156047882389885e+03 1.219049152944310435e+03 8.368012475831241659e+01 2.710539940898513578e+02 2.394222638734829101e+00 1.217658996935645064e+03
1.409772521898850641e+02 3.670296399566240764e-01 1.216009013768143404e+03 1.218043676001718950e+03 2.858428695707889347e+02 1.842268849871202576e+02 3.334365986398733828e+00 1.216806426240777455e+03
1.066411447958046494e+02 2.693067458906452050e+00 1.215669545557866513e+03 1.217461042877820773e+03 3.526857814903249846e+02 2.598073076275641711e+02 5.743496942860887522e+00 1.216429462859120576e+03
1.764599155912076185e+02 1.578188047715723963e+00 1.211151670022158669e+03 1.214559036797789759e+03 1.751163574240297578e+02 2.215264238579455593e+02 2.247778369116133934e+00 1.213054696655186717e+03
1.650818384458592902e+02 9.564649511354404998e-01 1.215770953982675337e+03 1.219162478987039322e+03 1.466772485693605965e+01 3.777135627155854536e+02 2.376889494729052199e+00 1.219035699354103144e+03
1.418934361860141848e+02 4.955328277786733571e-01 1.210350701249783015e+03 1.214430290688592095e+03 2.134548683898013337e+02 3.889568049150262823e+02 4.245521776744488385e+00 1.212984753914764042e+03
2.961512141763853379e+02 1.382504896822975171e+00 1.213848009248208427e+03 1.219902427281307610e+03 8.746248958028219533e+01 3.726673845122913349e+02 1.553699097173121046e+00 1.218751590302554860e+03
2.868386889645800011e+02 1.081220097139865555e+00 1.219439962488475430e+03 1.219723028229727561e+03 3.450081182875559307e+02 2.698032297792869372e+02 2.143404539625274108e+00 1.219564182790312543e+03
1.645170831532687998e+02 5.169405458626232797e-01 1.211456155617602462e+03 1.213764472661575837e+03 2.232835064505791678e+01 3.244869723811645486e+02 2.108080914023496621e+00 1.213615860680109563e+03
1.506927651001329025e+02 9.810209336339303920e-01 1.213711190270598763e+03 1.214512636749334206e+03 7.177455934282815520e+01 3.525161932366587507e+02 2.815601348197125375e+00 1.214377061162314249e+03
2.161323624755889909e+02 2.679255085423609462e+00 1.215937468069407259e+03 1.216222110080404036e+03 2.671510725822693075e+02 1.207255601531516049e+02 1.794625424405054348e+00 1.216026062130818900e+03
2.494708574682496760e+02 3.146876466226665170e-01 1.210721021058322549e+03 1.215311847669275267e+03 3.260398431932092649e+02 5.754039732123361617e+00 1.329990549968588009e+00 1.210800636144923146e+03
1.411558135169144066e+02 2.297921150971083293e+00 1.218624371075180534e+03 1.219766791971356724e+03 1.718161441321992129e+02 3.390333000548630480e+02 3.619046438536151822e+00 1.219382556741994222e+03
2.561241132260993254e+02 1.936971433848450275e+00 1.213840322017228800e+03 1.217542516273473211e+03 1.666550946889482532e+01 3.541039596524270223e+02 1.447616409291446748e+00 1.217376108414758846e+03
1.209937455850420633e+02 2.828049268494460478e+00 1.211003920299537640e+03 1.219800736173649739e+03 3.213539959944884572e+01 8.549652090500421764e+01 9.722148854526856399e-01 1.217397568801179204e+03
1.665099044771507977e+02 1.069593948936817807e+00 1.210138462190183873e+03 1.218978170727097904e+03 8.915427447279338935e+01 2.800496008231693281e+02 2.217308792862988209e+00 1.216843583703795957e+03
2.499942819233709770e+02 8.480578371221048073e-01 1.212193979241613533e+03 1.216397760922900716e+03 9.409445180872504011e+01 3.461941472730849227e+02 1.761194678911770284e+00 1.215499367156518701e+03
2.551507322962559670e+02 2.459213803660246445e+00 1.212895980457837823e+03 1.213574413469525325e+03 2.339384268965004026e+02 1.276632782824577390e+02 1.417208180923822392e+00 1.213135500850376275e+03
2.417795629152532229e+02 1.882977798355973675e+00 1.212720595781876227e+03 1.217619255690143063e+03 3.639805558544059068e+02 1.660830961346468939e+02 2.192342667832710035e+00 1.214255476737064782e+03
1.236792080981030182e+02 6.066450099501374815e-01 1.211681420497485533e+03 1.216479696901500347e+03 2.010812171866036522e+02 2.865310829229505316e+02 3.942556777391212908e+00 1.214500987054557754e+03
2.711762970331394627e+02 1.507195719346248852e+00 1.214730767779563394e+03 1.218701522439034534e+03 1.113548089504822372e+02 3.637200269087509810e+02 1.751903986656975443e+00 1.217770800386171231e+03
2.078505013257607175e+02 2.633309480638359901e+00 1.211326536675585203e+03 1.212301849371669960e+03 3.739056921592905383e+02 2.201785071805356893e+02 2.858228368709718303e+00 1.211688005460139266e+03
2.230607108619310281e+02 2.669730445111288208e+00 1.212878706076690150e+03 1.218329513211818266e+03 8.397938441629308670e+01 1.029368235022188287e+02 8.379611415934578034e-01 1.215880525866753032e+03
2.283727961489362031e+02 1.030122393263262603e+00 1.215320250424545065e+03 1.218314721348154080e+03 1.181465281157963290e+02 2.125511384377040827e+02 1.448060680300256697e+00 1.217244903266716619e+03
1.977056331791627599e+02 5.330285998027253225e-01 1.213161946895980691e+03 1.217853255213196690e+03 4.417793212891920973e+01 3.136297142895792263e+02 1.809799956960506551e+00 1.217274026953240991e+03
2.467917039458396005e+02 8.232221494357474523e-01 1.211369579944799625e+03 1.212499066033896497e+03 1.355618068824593365e+02 2.379799240054020402e+02 1.513591117186978252e+00 1.212089164910606769e+03
2.790637344349116802e+02 2.433525499964288574e+00 1.215601696901229388e+03 1.217519780451662655e+03 9.980754078626543446e+01 3.962693147679460992e+01 4.996509938685046448e-01 1.216146811492952338e+03
1.015020143900323433e+02 1.286328166515559479e+00 1.217403332113279021e+03 1.219148715815181504e+03 2.076632893687133219e+02 1.333012564720183946e+02 3.359189942088626868e+00 1.218085695846774342e+03
2.455126460349228239e+02 2.958586142875444303e+00 1.214222065298810776e+03 1.216445178872043243e+03 1.646167199851314251e+02 1.068427884854206980e+02 1.105684423408228367e+00 1.215097052712669210e+03
2.987778406614078222e+02 1.614001866441071020e-01 1.211146149811222585e+03 1.218036736144208362e+03 2.471600943088580493e+02 1.095082698740132514e+02 1.193757754568781193e+00 1.213261773913381376e+03
2.874863428123986182e+02 1.759323451065724075e+00 1.212385813518918667e+03 1.219186038801682798e+03 3.636533459714271430e+02 2.160643051734954270e+02 2.016505011937981706e+00 1.214920298966863811e+03
1.625075913625397561e+02 5.912737615827953208e-01 1.213242718917336333e+03 1.215721860407441682e+03 2.761670571521125908e+02 7.923074924622514459e+01 2.186961257738891273e+00 1.213795407296983512e+03
2.255697424588207127e+02 2.312113688701387115e+00 1.210543029431750256e+03 1.214883277429742293e+03 1.205976788086360330e+00 4.155351489940484555e+01 1.895621780713662996e-01 1.214760866284671238e+03
2.770361174447048143e+02 2.777928165109992964e+00 1.210544375396849546e+03 1.219565599222102719e+03 3.861800632765382488e+02 1.502000007624029081e+02 1.936137673983971297e+00 1.213070546513702539e+03
2.905627683783770863e+02 3.049830527084735343e-01 1.213301774612326881e+03 1.217560057600343043e+03 3.412608279476353914e+02 5.890016250081662008e+01 1.377192930401027082e+00 1.213928556247607048e+03
1.319199370760059082e+02 2.082199863143193497e+00 1.216862489458530717e+03 1.219640056939037549e+03 3.485238427024555108e+01 1.114600067883753951e+02 1.109099915461017938e+00 1.218978425696004933e+03
1.703024431588565903e+02 1.359468704547235562e+00 1.215876862070946800e+03 1.219491461868711667e+03 9.413577680252949165e+01 7.899140404579334529e+01 1.016586595218903266e+00 1.217526067653166820e+03
1.246246466730829638e+02 1.022130155545248664e+00 1.211383411806204549e+03 1.213832122454380624e+03 1.513242102214837530e+02 3.130587947515433598e+02 3.726253332466432866e+00 1.213034183682013690e+03
2.487331847840696355e+02 5.713049008315778110e-01 1.214429743335205103e+03 1.215110162347223422e+03 2.016817992066261240e+02 3.221834003320656734e+02 2.106133124108348742e+00 1.214848209213709197e+03
2.962721736808047126e+02 2.913995939932696899e+00 1.211736643453753913e+03 1.216620075441245035e+03 2.863844528182423232e+02 1.016390935085240699e+02 1.309686095410404594e+00 1.213015812218427754e+03
1.436205504390588317e+02 1.260159089740260363e+00 1.211815537879107751e+03 1.213979421793115762e+03 2.090186254470396534e+02 3.846508795407341808e+01 1.723177585968976855e+00 1.212151858940121656e+03
1.698277248426795722e+02 9.712439519026940804e-01 1.210424016662445410e+03 1.212025218224421224e+03 2.168715583361039307e+02 1.655167514530677124e+02 2.251624757638355234e+00 1.211117096639461124e+03
1.211373769880356974e+02 1.686024108660831411e+00 1.215662720983694726e+03 1.219133470438390759e+03 3.752007519703926164e+02 1.467686409102564653e+02 4.308904533504982481e+00 1.216638634873193951e+03
2.484998968078772634e+02 2.864423460635037610e+00 1.212700822083326102e+03 1.217708157852316845e+03 5.494492403584150253e+01 1.904442346228827176e+01 2.977439767523652470e-01 1.213989680899183668e+03
1.139277077915036500e+02 2.322372875618980093e+00 1.211951900158242097e+03 1.218258032195740043e+03 1.092268671596759759e+02 2.737390390393821349e+02 3.361481711717704268e+00 1.216459441158779327e+03
1.614831967241765938e+02 1.773496450726087081e+00 1.211313887668941334e+03 1.214692466351711346e+03 1.638596502608262426e+02 2.755072412298683275e+02 2.720821115779375798e+00 1.213432442594666099e+03
1.502982194245516325e+02 2.874964149977031092e+00 1.212122210871863444e+03 1.219663557988086723e+03 7.436504150642005584e+01 2.616130005740469073e+02 2.235409330641637382e+00 1.217994363811468702e+03
2.588779015862081678e+02 1.935279874593792249e+00 1.210549394819472127e+03 1.217227613705764043e+03 1.401363477968608606e+02 3.198057627464654615e+02 1.776675829513251648e+00 1.215192876761570233e+03
1.028609989059958281e+02 5.760399678294055859e-01 1.210036119541074186e+03 1.219373815720498897e+03 2.125685680481825841e+02 3.127337270254417945e+02 5.106914191584855267e+00 1.215595228182725123e+03
1.447977509626409187e+02 1.030721534937263373e+00 1.210394526925909986e+03 1.216753172196843934e+03 2.809109848487488534e+02 2.007275473206444190e+02 3.326284620910032075e+00 1.213044554247784845e+03
2.301838076752258928e+02 2.928186854457909494e+00 1.212438255462610641e+03 1.213709851248534051e+03 1.529076207514462453e+02 1.020126537370556434e+02 1.107463974391185380e+00 1.212947115971501944e+03
2.654933508006722036e+02 2.383965229280158582e-01 1.210201933365816785e+03 1.210276484885571335e+03 7.285079491220969317e+01 2.405062959622716789e+02 1.180282255391565283e+00 1.210259152782248293e+03
1.867334502499910514e+02 1.718721687867754921e+00 1.210734356419474352e+03 1.212904576395835193e+03 2.786072121404138215e+02 5.998219322700979461e+01 1.813223099097318158e+00 1.211118817811070357e+03
2.371642729324566687e+02 1.093269397456892333e+00 1.216023100758437977e+03 1.219652191994126042e+03 3.232144238852174567e+02 3.491455399275164382e+02 2.834996837842515216e+00 1.217907628522026471e+03
2.731375310506317646e+02 2.998504048339305061e+00 1.216137750145749351e+03 1.216391954515979023e+03 1.017091658952006981e+02 5.372943254351149989e+01 5.690854634323336825e-01 1.216225619289576571e+03
2.307834180399632089e+02 2.665370353214809196e+00 1.213413530982832299e+03 1.216925902825481899e+03 9.127480464116652570e+01 3.860090985260123375e+02 2.068103103857014791e+00 1.216254203965248735e+03
1.645725769699079706e+02 3.211079744698652760e-01 1.210057825988861396e+03 1.213727716673026634e+03 3.045133701290700401e+02 2.974534517935218219e+02 3.657758983944580766e+00 1.211871250935145554e+03
2.224707398058850458e+02 1.056097862777999330e+00 1.218880577759788821e+03 1.219162460797241692e+03 6.940395742316893291e+01 4.299157026290490080e+01 5.052148780740496337e-01 1.218988398726157129e+03
1.566210238691896279e+02 2.288492989243189779e+00 1.213260918848393885e+03 1.219031293291279781e+03 2.951504061159981873e+01 2.284285747622699034e+02 1.646928419962986778e+00 1.218371021720769932e+03
2.007840776485641641e+02 2.944851714601415704e+00 1.212712509220949869e+03 1.212840271744237043e+03 1.205805187665296501e+02 2.459625717252344259e+02 1.825558554166485159e+00 1.212798242111878608e+03
1.524539442026860172e+02 2.328067543573894227e+00 1.217227065466126078e+03 1.218855617649137230e+03 1.950060560356785118e+02 3.270960256074004064e+02 3.424654471050938120e+00 1.218247350512454204e+03
1.123044180181977509e+02 1.632218434498146298e+00 1.210178741267806799e+03 1.217024289350617209e+03 1.986005169301911621e+02 1.232329902573689111e+02 2.865724366564192938e+00 1.212799964171435931e+03
1.061888483828459044e+02 1.336228048309079375e+00 1.212436125588123787e+03 1.219510279898916451e+03 9.395741026544671115e+01 2.466430415180501541e+02 3.207497368796388137e+00 1.217558816783175416e+03
2.909404741810028554e+02 2.854289458780191691e+00 1.217160023436034407e+03 1.218564061042409548e+03 3.201926696770295280e+02 3.808644951135959218e+02 2.409624053731611593e+00 1.217922797288053061e+03
2.972746992029932471e+02 1.075005932200324255e+00 1.212726005030551732e+03 1.213215017997330506e+03 1.486510724560082224e+02 3.643718477500752329e+01 6.226169187194390275e-01 1.212822274000255675e+03
2.229472980345742599e+02 1.942224234474788869e+00 1.212794441407489558e+03 1.216777171269221299e+03 7.286607667008522071e+01 3.138713745749273016e+02 1.734658615082376842e+00 1.216026776140621905e+03
2.579207616874858218e+02 1.822740343280092823e+00 1.213645882619939584e+03 1.216324489629699428e+03 2.865363907690290546e+01 4.401305652087903297e+01 2.817403884912134671e-01 1.215268272089392667e+03
1.573075206126761145e+02 2.454139265829125893e+00 1.210459419463257518e+03 1.218632525958258384e+03 2.900510322895071909e+02 3.308557127518553216e+02 3.947088750894270248e+00 1.214814532362893033e+03
2.967792726767139584e+02 1.496699376875411658e-01 1.216854978073959501e+03 1.219327544666062067e+03 2.499928211027340126e+02 3.265221473451103975e+02 1.942571538935775832e+00 1.218255371467526857e+03
1.517223666619359790e+02 5.642230469328758380e-01 1.213584631618516141e+03 1.216914974393350121e+03 3.324526160152999523e+02 3.183280120937598667e+02 4.289286032290235973e+00 1.215213661969625718e+03
2.315244320247099381e+02 4.096715090539849724e-01 1.213042236213425667e+03 1.218040713373775816e+03 1.785717032456296636e+02 2.886764934065923853e+02 2.018137751450585604e+00 1.216130408344129137e+03
1.871568213795011957e+02 4.255926189922580871e-01 1.213565164528986998e+03 1.219640052056078275e+03 3.072815380081440821e+02 2.174810304789714337e+02 2.803865574437413244e+00 1.216082822759154851e+03
1.363450235241752750e+02 5.864003044589166658e-01 1.213167785142138655e+03 1.218614780721443594e+03 3.762102014208800824e+02 1.821903432909090554e+02 4.095496339202870928e+00 1.214944986120711974e+03
2.785202529319712994e+02 2.829273220333788696e+00 1.210356045507876388e+03 1.217497778197345269e+03 2.372841516079426185e+02 1.012166053852866270e+02 1.215354192127307220e+00 1.212491526520734624e+03
2.221742838057733991e+02 7.526354684759425373e-01 1.210930855914918084e+03 1.213491518180374442e+03 3.126679382681131187e+02 1.353337918781156723e+01 1.468222657763094796e+00 1.211037092191584861e+03
1.276063078951161316e+02 2.687932564768647392e+00 1.212385435600955134e+03 1.214064468308154574e+03 3.003313954317263779e+01 2.121222731089229683e+02 1.897675880185571984e+00 1.213856227562921504e+03
1.602722355658283391e+02 1.088155245810910193e-01 1.216176037991167050e+03 1.219404549046557804e+03 3.865119400101657448e+02 5.900893639267965796e+01 2.779775766089300770e+00 1.216603652079756557e+03
1.500103987676686472e+02 1.480078591209114947e-01 1.214942248946461405e+03 1.217749598156630782e+03 3.142665777268818488e+02 2.907538001473137967e+01 2.288787714466184120e+00 1.215179984950696507e+03
1.875333798963333152e+02 7.094343528000381927e-01 1.217053755251649136e+03 1.218932328085056724e+03 3.591997095958201953e+02 2.643295493963775584e+02 3.324897462717724572e+00 1.217850128963710858e+03
2.404801391003310016e+02 2.637718936370835543e+00 1.215746834993886523e+03 1.219263015581492255e+03 8.645378675372539590e+01 9.811823270553068710e+01 7.675146070264479148e-01 1.217616031777560238e+03
1.900524100833154364e+02 2.730682064546361865e+00 1.216217602096675364e+03 1.216534471358521841e+03 1.034580678330740540e+02 3.307637879131575005e+02 2.284747957449615008e+00 1.216458973819297398e+03
1.485203019961674897e+02 1.398110692120579035e+00 1.216388844771802496e+03 1.218248422454965976e+03 2.014487877107590350e+02 1.994892940115059616e+02 2.699550676463148058e+00 1.217314089481859355e+03
1.638325149918542252e+02 2.084453226843590912e+00 1.215933388215266177e+03 1.218410879180600659e+03 2.075866371385747868e+02 1.685997550730479873e+02 2.296164422735784694e+00 1.217043753658033438e+03
1.024063733326540273e+02 2.952426519241865277e-01 1.214754483447032726e+03 1.219035209353578239e+03 1.672881293705727614e+02 7.545997932892714744e+01 2.370439463869730812e+00 1.216085177598065684e+03
2.559856673451627671e+02 2.680414391834926136e+00 1.211740143948788727e+03 1.217117581040742607e+03 3.362508543496840048e+02 2.286611045216826597e+02 2.206810891914732675e+00 1.213916785256575167e+03
1.530681623266077338e+02 1.014066640212927917e+00 1.211835272705934358e+03 1.219479999576645696e+03 2.735454168577703058e+02 9.060014795361892936e+01 2.378976524421826610e+00 1.213737296106686699e+03
2.654931569257445290e+02 2.419437624131153708e+00 1.211489781664055272e+03 1.215072989323040929e+03 1.317503625808615766e+02 1.936922468380884652e+02 1.225804134416815572e+00 1.213622383610664201e+03
2.121436690282407653e+02 1.029151168391585047e+00 1.212078126099539986e+03 1.213062909491683740e+03 8.463363860105586411e+01 2.089651964087010469e+02 1.383962275917235862e+00 1.212779033018848850e+03
1.207225109623469592e+02 2.015061749411696912e+00 1.210551684365215806e+03 1.217949922272303866e+03 3.502193916284449529e+02 3.158674646881356693e+02 5.517503330628464653e+00 1.214060029603844669e+03
1.429164232675693711e+02 1.669555496850010590e+00 1.210349772576201303e+03 1.214915044237071697e+03 2.210635516779766618e+01 2.529363294712306924e+02 1.924500196342662894e+00 1.214548113857137650e+03
2.278277230471414327e+02 1.694456387491671601e+00 1.212449551350803858e+03 1.214155512490215187e+03 2.560197898652843946e+02 3.526058145701051103e+02 2.671429079372638515e+00 1.213437895930465402e+03
2.121815825671397988e+02 2.428823670780665189e+00 1.211898470262081446e+03 1.219603037814854133e+03 4.348790906605337625e-01 3.242662254819664440e+02 1.530298250414279471e+00 1.219592718923775010e+03
1.730703459716986572e+02 2.330045638761147675e+00 1.212931867607580443e+03 1.217260705523029401e+03 1.972356857187887442e+02 8.375091417731819377e+01 1.623539828955188558e+00 1.214222121779410372e+03
1.842854998463262746e+02 1.690182513433087230e+00 1.216166535106115816e+03 1.218733068893000109e+03 2.918267256701732322e+02 7.007487010998771382e+01 1.963809394021487575e+00 1.216663492079629805e+03
1.688841767509373710e+02 1.788682574042801399e-01 1.211804035280285234e+03 1.212735747794682538e+03 2.856609077322556232e+02 1.359930520760273396e+02 2.496704948445933159e+00 1.212104533889495315e+03
1.171684676787468220e+02 1.080000850731113626e+00 1.212192008428845384e+03 1.219581454442707127e+03 2.857984569742553731e+02 2.363225065212957929e+02 4.456155942289059091e+00 1.215536621125696911e+03
1.607260059704437936e+02 2.740469035200848724e-01 1.214842531862084115e+03 1.214848193353468560e+03 3.951553640094761022e+02 3.624877483497122199e+01 2.684096678939306369e+00 1.214843007569449810e+03
2.334242581542408743e+02 5.585790850827899723e-01 1.216702068836182889e+03 1.218351331957552020e+03 1.583531578309695931e+02 3.763015463346700358e+02 2.290484752498830989e+00 1.217862855897530380e+03
1.573143828807470754e+02 3.144051256530130400e-01 1.212017248957122774e+03 1.213585946278533584e+03 2.141442787345576733e+02 3.636136862825785556e+02 3.672632816130413591e+00 1.213004513261965030e+03
2.682559393959218710e+02 1.955147335813552711e+00 1.210184880767880486e+03 1.214455904950720424e+03 3.971655097427752139e+02 5.937903320099202631e+01 1.701899104160926601e+00 1.210740378124436120e+03
2.456344680358255914e+02 2.052119916890781326e+00 1.213157588647472039e+03 1.218416832836462390e+03 3.577336659054656707e+02 1.402150569193040894e+02 2.027194012332765638e+00 1.214638514673606778e+03
1.967249177201571229e+02 1.165704843971900662e+00 1.217153067405325601e+03 1.219285557844983487e+03 2.793409273124192964e+02 2.904433961273509794e+02 2.896350548994985008e+00 1.218240088827333466e+03
2.819031825355341994e+02 1.269701103252196761e+00 1.215017159006844167e+03 1.216962609841129733e+03 3.834728506640906289e+02 2.889273576539446822e+02 2.385216804827233528e+00 1.215853110516142124e+03
1.048887168431064936e+02 2.157158825600083318e+00 1.212181071970799621e+03 1.219755922421563355e+03 2.074961283809113581e+02 3.861744291264049025e+02 5.660004005915470593e+00 1.217108406687925935e+03
2.811259153371435104e+02 1.351471712145639659e+00 1.210360476674727806e+03 1.218610640904720185e+03 8.379679295574922548e+01 1.587137831731803317e+02 8.626404144850748912e-01 1.215759889754535152e+03
2.808980342125008178e+02 2.164740873907923469e+00 1.211538274432548178e+03 1.217637343882401410e+03 9.479087397932643455e+01 1.800317433233631732e+02 9.783714509542806859e-01 1.215533673779531227e+03
1.707106745988212424e+02 2.447781525380609668e+00 1.211711433995539892e+03 1.212333999514504285e+03 1.712592122388295763e+02 2.933076021153156603e+02 2.721369448313064154e+00 1.212104495217058684e+03
2.804202901944958626e+02 4.617231236764147706e-01 1.218803813465681287e+03 1.219500941245109743e+03 3.409135228011686536e+02 5.406033467169084616e+01 1.408506699707466892e+00 1.218899229808691871e+03
1.747475475729830237e+02 3.364634691798895072e-01 1.214241735653613659e+03 1.216099047738518948e+03 2.615366939679441884e+02 2.904869345192676064e+02 3.158977829183325259e+00 1.215219093987836231e+03
1.729584441862774895e+02 1.004689480887467790e+00 1.213003320171793575e+03 1.215471776705281400e+03 2.550882890471635278e+02 3.947577513175447166e+02 3.757238008367023152e+00 1.214502817421692953e+03
2.166031145612819842e+02 1.004388780530638819e-01 1.210628375096022864e+03 1.212676983967747674e+03 1.677851418623899633e+02 1.617771739689435151e+01 8.493084673869589762e-01 1.210808530022495688e+03
1.677845646089889442e+02 1.654038915354012262e+00 1.213237556923490047e+03 1.219087744930352756e+03 3.442761768582091122e+02 1.638562216248097911e+02 3.028481193530456750e+00 1.215124052855379205e+03
1.944654961911317343e+02 1.861936910975699355e+00 1.212834331186324789e+03 1.214118788749190799e+03 3.415183634067032017e+02 1.049722677089165188e+02 2.295988953622823736e+00 1.213136313834455677e+03
2.841264938846053383e+02 2.381446923511948643e+00 1.210676626789399052e+03 1.211805912945630780e+03 9.634356549656163793e+01 2.190463490042062347e+02 1.110033457945881707e+00 1.211460944860872814e+03
1.337841570700659872e+02 2.623895262076193724e+00 1.213939468589758690e+03 1.215276187022278009e+03 2.157400893880241313e+02 4.503926330184295779e+01 1.949254369134984177e+00 1.214170333544447885e+03
1.218930802023200215e+02 2.662999242714871873e+00 1.210422180207614474e+03 1.212608916030636237e+03 8.820382259620372167e+01 3.475300924240239624e+02 3.574722324655261740e+00 1.212166264100295848e+03
2.781411093263031944e+02 5.858661485843594807e-01 1.215223706343430422e+03 1.218157683032603927e+03 8.796095886916491224e+01 2.924725353580473097e+01 4.213983782867062877e-01 1.215955828763316049e+03
2.455932207880208296e+02 1.169305674368229520e+00 1.211441754791250560e+03 1.213530537491298446e+03 3.549555205246576861e+02 1.314675787240537090e+02 1.980604748323075093e+00 1.212006298712951775e+03
1.153881701435342677e+02 2.343983563557077154e+00 1.214143283847126213e+03 1.217720871477110677e+03 3.335559160848043803e+02 2.838973165372359517e+02 5.351096493288476807e+00 1.215788214141711251e+03
1.300768907814087640e+02 1.887096725982074563e+00 1.212924386501025992e+03 1.215877564038664559e+03 6.908810357987636053e+01 3.833197826811870641e+02 3.478003537317973848e+00 1.215426578452855210e+03
2.943881578126262184e+02 1.131959858827155330e+00 1.215936692556601429e+03 1.219227202788628801e+03 3.534123008751394082e+02 2.424495651400174552e+02 2.024068734430596095e+00 1.217275564567624542e+03
2.802972300943868049e+02 7.587925892863602861e-01 1.212056068333469284e+03 1.214868827333463287e+03 3.570695292468924436e+02 2.839054136600666993e+02 2.286768737211988256e+00 1.213301916578016517e+03
1.577718333072580208e+02 8.337141001387838868e-01 1.215056204803176342e+03 1.219471531593120972e+03 2.877571851861997061e+02 2.375013136275145484e+02 3.329228594249659778e+00 1.217052642585858393e+03
2.017382435387670512e+02 2.922141628063615326e-01 1.212003351287745545e+03 1.218934630116052404e+03 1.140501218016555498e+02 1.945966817166512897e+02 1.529937002048873840e+00 1.216373407431746273e+03
2.393939062598873591e+02 1.074755115161379893e+00 1.210139909370479927e+03 1.214234644926944611e+03 1.966678428609759237e+02 1.769584466637911930e+02 1.560717627954808284e+00 1.212079275158932887e+03
1.895591390480803966e+02 9.504189367755210283e-01 1.212453973737269962e+03 1.213430607155182770e+03 3.927826749691741384e+02 4.879934808589285922e+01 2.329521147187014307e+00 1.212561901758848535e+03
2.737657458518713156e+02 8.301956336285836180e-01 1.214569296721758747e+03 1.219929254753685882e+03 1.733929269354678411e+02 1.398213024131663076e+02 1.144095761045677229e+00 1.216962024263104695e+03
2.986645001988822514e+02 2.418086061097354467e+00 1.212164054026350414e+03 1.216164984064014789e+03 1.384784889531784913e+01 5.788520782796062747e+01 2.401793874916873794e-01 1.215392616662803221e+03
2.518670979573488182e+02 1.408230448472814533e+00 1.217331004004146280e+03 1.218931936516511769e+03 1.761305746743097131e+02 1.283394563368921979e+02 1.208851944062820261e+00 1.218005825127219168e+03
1.323556098038703226e+02 1.787414111352329638e+00 1.214142391438756476e+03 1.215954999486963288e+03 9.958059686378484798e+01 3.540708280581716281e+02 3.427519434908688822e+00 1.215557115602102385e+03
2.440571781841377117e+02 1.654741854884561159e+00 1.212086042770140466e+03 1.218150536059674778e+03 2.253091518336673005e+02 3.349476770141669135e+02 2.295596601650160551e+00 1.215711679861927223e+03
1.723066697065479502e+02 1.418156902026171950e+00 1.211092864128780775e+03 1.215444531718199869e+03 2.084146990423528507e+02 3.264125428139294627e+02 3.103926521051889154e+00 1.213748747696740338e+03
2.959391035488638408e+02 2.500554757871336076e+00 1.213887684443171793e+03 1.214708896780085979e+03 3.323297099351298698e+02 2.100208498307471530e+02 1.832642436440735878e+00 1.214205692251561686e+03
2.120156584646705937e+02 8.285234357346203948e-01 1.211254550305140356e+03 1.214787044908253165e+03 1.704769181658145101e+02 2.017172662294912584e+02 1.755503282590453962e+00 1.213169048661604393e+03
2.836686865640441511e+02 2.689663786365459330e+00 1.214393269387627697e+03 1.219277763518151687e+03 3.826418304358685418e+02 1.771003097428445585e+02 1.973224986369228828e+00 1.215938704975480277e+03
1.689282309811812297e+02 1.364777771519656069e+00 1.210575363250164628e+03 1.212728535409766437e+03 2.355685653891839593e+02 3.810989833042944497e+02 3.650470647278463598e+00 1.211906018191618614e+03
2.025420314691106114e+02 1.233859430063779739e+00 1.210653441304024682e+03 1.216750608644060321e+03 1.048229158627850524e+02 1.934712387006447614e+02 1.472751864883522721e+00 1.214608016007535980e+03
1.887811988473505380e+02 2.796846968055404226e+00 1.211460152844650793e+03 1.212939421583995454e+03 3.213832282416188946e+02 3.103467090369952643e+02 3.346360448687659694e+00 1.212186865571000908e+03
1.725752544748542903e+02 2.521438405299746499e+00 1.213728389598639751e+03 1.217902023793008084e+03 2.589249902991920180e+02 3.537650086566023333e+02 3.550277244673387678e+00 1.216138231018307806e+03
2.077752387408266372e+02 9.170487470013648501e-01 1.213001422106806103e+03 1.214755832258521650e+03 1.758823203264916657e+01 2.235644605669411078e+01 1.922494630804839066e-01 1.213983339543477314e+03
2.147482392768089028e+02 2.457972620516978957e+00 1.217840552521006657e+03 1.218793514893015072e+03 2.692289321568128457e+02 3.509748178013053916e+02 2.888050454088613606e+00 1.218379836256246335e+03
2.049631128118675747e+02 1.045268515246185359e+00 1.215391750642517763e+03 1.216320658061213408e+03 1.966290658194544960e+02 1.470222000227689989e+02 1.676649330348800815e+00 1.215789159370169045e+03
1.069574730644056189e+02 2.439622687726574313e+00 1.214704778046989532e+03 1.216968822975667990e+03 1.474217207594011256e+02 1.201740240685368519e+02 2.501889182318306037e+00 1.215721533339291000e+03
2.413949302637740004e+02 1.597170937896675635e+00 1.212014021537188000e+03 1.219121147439574997e+03 3.591928983034154044e+01 3.796389067079730353e+02 1.721486843506742748e+00 1.218506834168232672e+03
2.048608767732316096e+02 1.315125451192750372e+00 1.216954726950078339e+03 1.217714076122973665e+03 2.658912743251469237e+02 1.003281799677252337e+02 1.787649550569162971e+00 1.217162755550371230e+03
2.131656547491912193e+02 6.322161009072251314e-01 1.214593911624616112e+03 1.215399429552538777e+03 4.671398346310753169e+01 3.236189493741878209e+02 1.737301129832691471e+00 1.215297821113678310e+03
1.386268216057042082e+02 2.653674260737620694e-01 1.210890745066044929e+03 1.215132578012687190e+03 1.602770801220648025e+02 3.263180663749690780e+02 3.510108223364269087e+00 1.213735382409838166e+03
1.946398181130675482e+02 2.773380742122435461e+00 1.214843024091622738e+03 1.217500792842572082e+03 1.277280460370164832e+02 9.644352122607666900e+01 1.151725116866223253e+00 1.215986454456479805e+03
1.908270212496204863e+02 4.957619555282607449e-01 1.213548504619943742e+03 1.216575425916203812e+03 8.819416265095428287e+01 1.053151486964603976e+02 1.014056133561323403e+00 1.215195870652040412e+03
1.925513498299659716e+02 2.571534940320183260e+00 1.216436378945659271e+03 1.219855477379335298e+03 2.055664865150466198e+02 1.373558301001417306e+02 1.780939561929888892e+00 1.217805881835372475e+03
2.101444443983545511e+02 2.572909788957010946e+00 1.213543274688038309e+03 1.218771541668303144e+03 2.273386405115263926e+02 3.664773985600070887e+02 2.825751785975756825e+00 1.216769933376645668e+03
1.585160288296899012e+02 4.951162559742741109e-01 1.212364210460068762e+03 1.213199556062025295e+03 3.273206790907771619e+02 1.302369431168193330e+02 2.886506970845187148e+00 1.212601979109009562e+03
1.248415127318493774e+02 2.326507270200143918e+00 1.212164918892269270e+03 1.212333443931703641e+03 3.297588683428540435e+02 1.675238000372613385e+02 3.983311780659394508e+00 1.212221691341426549e+03
1.010712627749908563e+02 1.800163689869697992e+00 1.213154383317575366e+03 1.217193903265558902e+03 5.809812135131924293e+01 9.745638377618317350e+01 1.539057699059370288e+00 1.215685181162353729e+03
1.049672532784550185e+02 1.631366622550661782e+00 1.212795808239321786e+03 1.216948464670954991e+03 4.349432076793524615e+00 3.980596523159196636e+02 3.833663088479703607e+00 1.216903580751112941e+03
1.567796565636414243e+02 1.414980734849061728e+00 1.213007760745430232e+03 1.216216751698937742e+03 3.739278020979979829e+02 3.195635314928562138e+02 4.423350253413432576e+00 1.214486476386073491e+03
1.962329174534791036e+02 9.139911222267397273e-01 1.211041263162968107e+03 1.217125096952028571e+03 3.609313983896421973e+02 1.268164943156580478e+02 2.485555935440498132e+00 1.212623085421283577e+03
1.704788007927564308e+02 1.109093152924224945e+00 1.213390866090974669e+03 1.219644946536440102e+03 2.210650828052282577e+02 3.064188366384533992e+02 3.094132038651073113e+00 1.217023902063642936e+03
2.436673921104979286e+02 2.009749678993504318e+00 1.210096118040488136e+03 1.219784374601080799e+03 1.108212748129489000e+00 2.253117436595655363e+02 9.292173008730624240e-01 1.219736955417728268e+03
1.580019204614907551e+02 1.694914365204032602e+00 1.211710458154343542e+03 1.216225889722532202e+03 5.304195469464904988e+01 2.180781481139545690e+02 1.715929160966640055e+00 1.215342490394391007e+03
1.192853465626352261e+02 2.814996808313292131e+00 1.216800883543195596e+03 1.216964061535211840e+03 3.853115670291948902e+01 2.430844750601322914e+02 2.360856885427909724e+00 1.216941735229170263e+03
1.032181375570430930e+02 3.174282520461830792e-01 1.216220919129383901e+03 1.219335212689350556e+03 3.049375486833147306e+02 3.962235524050128532e+01 3.338172070130565494e+00 1.216579044507151366e+03
1.564216927280897096e+02 2.910038669931039657e+00 1.214494509353862895e+03 1.217130616773182737e+03 3.882259938542509872e+02 1.851334107377455780e+02 3.665472445619650799e+00 1.215345688481127809e+03
1.241982118057662916e+02 1.712667804829061335e+00 1.210085427929571324e+03 1.212292675618855355e+03 2.750374147810516661e+02 2.832266671188631335e+02 4.494944603332812427e+00 1.211205240983662634e+03
2.267117749838636769e+02 2.832224314471009308e+00 1.214128078949109067e+03 1.216819635694236695e+03 2.385939060069376296e+02 3.304421579384884353e+02 2.509953724220665539e+00 1.215691079741900694e+03
2.492835408527446361e+02 2.776104270287341969e+00 1.211322753798248186e+03 1.214123120233574127e+03 3.857198512572176696e+02 3.509076051006782109e+02 2.954978310393273411e+00 1.212656765815778954e+03
2.775335455787237606e+02 1.901460657062513215e+00 1.212399707474090064e+03 1.218189027484376993e+03 6.260109604931977856e+01 1.079782620910013833e+02 6.146260906393223866e-01 1.216064398912811612e+03
2.064843460254184606e+02 9.989235041886241895e-01 1.210165195126647404e+03 1.219066209777030281e+03 2.634062942161564820e+02 3.008827450794330503e+02 2.732841739131763870e+00 1.214911276541488860e+03
1.355643668053879196e+02 2.375221405358088678e+00 1.212647758702237979e+03 1.215559579817879012e+03 2.509972180128297055e+02 3.994660111011611434e+02 4.798187344081177308e+00 1.214435982100645333e+03
2.560987546509953745e+02 1.858608252128922222e+00 1.213783884810846303e+03 1.215559442179352118e+03 1.843076186462691339e+02 3.090501130311938027e+02 1.926435496923043722e+00 1.214896132922504194e+03
2.949536177172742555e+02 2.041634319017782140e+00 1.212947609848479260e+03 1.214657296009324000e+03 1.876520868275543705e+02 6.599205810253718596e+01 8.599458684152176957e-01 1.213392428744238259e+03
2.230927542862667110e+02 2.174191680042826480e+00 1.212936529222049558e+03 1.217764863408209749e+03 1.712590201585344474e+01 6.349979763157848822e+01 3.613999024996354947e-01 1.216739265137018720e+03
1.422007199678331517e+02 1.963025353889253255e+00 1.210532575256377413e+03 1.211885284799198871e+03 5.258831401184131948e+01 2.998243009305261921e+02 2.478275883709209371e+00 1.211683428477408597e+03
2.010127734904204999e+02 5.813049062725358374e-01 1.218806934215329420e+03 1.219022053852321505e+03 1.999395995942311970e+02 2.231429767306629230e+02 2.104754682891118112e+00 1.218920393002898891e+03
2.315479794156903495e+02 1.250269001045661632e+00 1.217154390962267598e+03 1.219246545145065738e+03 2.920758943537915542e+00 3.223643081722818806e+02 1.404827923511465348e+00 1.219227759536199983e+03
1.818881276211925524e+02 2.721542802600124489e+00 1.212274420778385775e+03 1.214258574082845598e+03 8.154665061687596506e+01 2.626371690819430569e+02 1.892283043430025069e+00 1.213788473377848049e+03
1.015428385853734738e+02 2.545271712838147238e+00 1.211810923435459017e+03 1.213297928162079415e+03 3.901147176420921596e+02 3.100469424644047649e+02 6.895234266253319255e+00 1.212469401748665405e+03
1.746369528376250742e+02 1.481221872198590916e-01 1.214261155029144220e+03 1.215020704287794160e+03 1.023669811596647605e+02 3.292359630657414868e+02 2.471429655708115902e+00 1.214840555459593816e+03
1.478214814472431442e+02 1.948734993620095501e+00 1.216093670936305216e+03 1.218625151017517283e+03 6.580531783146641089e+01 2.669940663804322867e+02 2.251360092955592584e+00 1.218124594648632410e+03
1.017006209611986520e+02 2.832502572987055878e+00 1.210812981162385540e+03 1.212612633755153411e+03 1.692540411576863448e+02 3.822518091078626412e+02 5.422836606631560308e+00 1.212060330504228205e+03
1.995125502321359363e+02 1.243735513983111218e+00 1.217494837281050877e+03 1.219039777699727892e+03 2.740131752771868037e+02 1.676217310174525892e+02 2.213569551292840387e+00 1.218081216626538435e+03
2.583947894538016499e+02 1.492632433968052563e+00 1.214873735123596816e+03 1.218433389842912902e+03 3.181898345449164935e+02 2.297840995797398591e+02 2.120684922799608074e+00 1.216366419361943827e+03
2.400709783212486741e+02 1.668114402469971891e+00 1.214210826676527176e+03 1.217979375558385527e+03 9.647503359815972601e+01 2.197153311287886766e+02 1.317070338688924425e+00 1.216829527490410555e+03
2.520244477200043889e+02 2.046407093947755218e+00 1.211203475093987890e+03 1.211627905942926418e+03 1.069186057297159209e+02 1.134235454567536010e+02 8.742887968998410697e-01 1.211421955541004536e+03
1.462186095361745117e+02 1.408965255877480671e-01 1.214964522861755768e+03 1.218141318196738894e+03 3.457061230778006120e+02 3.631053506304129996e+02 4.847614650123269975e+00 1.216591910999190077e+03
2.434325423028297735e+02 1.912325093066253201e+00 1.214173207711467057e+03 1.219168250911705172e+03 1.814770976097168642e+00 8.321186854246440134e+01 3.492821408108556791e-01 1.219061638919563848e+03
2.520634334216877903e+02 2.166427306726248947e+00 1.217718328448346483e+03 1.219589563640353390e+03 3.286166608610305673e+01 2.392440714588817059e+02 1.079512937879281154e+00 1.219363578306111322e+03
1.141646390312670576e+02 2.551143553824820609e-01 1.216672953732861743e+03 1.219954822065649978e+03 1.331197547509982257e+02 3.518837110404922441e+01 1.474257942592467119e+00 1.217359097674053601e+03
1.752392722052853742e+02 1.403101428804170103e+00 1.212318110497908265e+03 1.215210606038611559e+03 2.055086478883269763e+02 2.218731122584782440e+02 2.438846924941263428e+00 1.213819735152149860e+03
1.002105418417451546e+02 1.104154747769286571e+00 1.210495213597362863e+03 1.215286254632376540e+03 6.583037119664925285e+01 1.340410939522217291e+02 1.994515362111430434e+00 1.213708260447371686e+03
1.924976578767879118e+02 3.384371055840904585e-01 1.215918749427233479e+03 1.219041347497615561e+03 1.531809088641641097e+02 3.450665397313094900e+02 2.588329926145839899e+00 1.218081337743853737e+03
1.457332342363901034e+02 2.559989096776844608e+00 1.210111379509912240e+03 1.217321728285021209e+03 1.951803136491364796e+02 1.253336723564992781e+02 2.199319789237218714e+00 1.212930911668923045e+03
1.999070002263813706e+02 7.101257960671141234e-01 1.210984025294040066e+03 1.216013803867393335e+03 3.326029947160322422e+02 6.129666508466775809e+01 1.970414539534057763e+00 1.211766733897588665e+03
1.868708228969204583e+02 5.549755176993117489e-01 1.213557617146395160e+03 1.215845000093149338e+03 3.138062114254411199e+02 5.475248036779252203e+01 1.972264509139202371e+00 1.213897427040109505e+03
1.853610846143983508e+02 2.650429177811019166e+00 1.217010947407410185e+03 1.217895432252027149e+03 2.710335480543221252e+02 5.876842279142984182e+01 1.779240618557180298e+00 1.217168556469502164e+03
1.898832053304276997e+02 2.934451338017053157e+00 1.214352285355405684e+03 1.218914910989058399e+03 3.353736243614126238e+02 2.428929603295909772e+02 3.045380362548260056e+00 1.216268753773904791e+03
2.333878001713087258e+02 1.865741224500907958e+00 1.210996208148188543e+03 1.219874127014450096e+03 5.345095714319904801e+01 3.905425357944841949e+02 1.902385182994946966e+00 1.218805342745334656e+03
2.455819546760023115e+02 2.394631071315211912e+00 1.211858333910828833e+03 1.213448892957186217e+03 3.760905809703838258e+02 1.920921925976093405e+02 2.313617766898223405e+00 1.212396072802052231e+03
1.156046322983417269e+02 2.306572103813566255e+00 1.214463367513494177e+03 1.218207262916358559e+03 6.396095009361806660e+01 2.360364775384439042e+02 2.595029469561880742e+00 1.217409045715269713e+03
2.029884083560791623e+02 2.015129212821913374e+00 1.214525176736916137e+03 1.215328207576232217e+03 1.712943270766916157e+02 1.790647483900688144e+02 1.726005333527054875e+00 1.214935597146320561e+03
2.695104223496350642e+02 2.936174669969175088e+00 1.212781081657403092e+03 1.213440105688150425e+03 3.520710267927142922e+01 3.226479754597380634e+02 1.327796806591639678e+00 1.213375268472931111e+03
1.676633811564722407e+02 2.838297181315755591e+00 1.217459010876535558e+03 1.217824141601483234e+03 1.847285666710376972e+02 1.574265140927955997e+02 2.040726355413984727e+00 1.217627008549077118e+03
2.802425883625567735e+02 1.385170903605260850e+00 1.212766566273601711e+03 1.216318075288547561e+03 3.538478243022070728e+02 4.037698010986319019e+01 1.406726960079500488e+00 1.213130316111896036e+03
2.315947088728689778e+02 1.256454373940477653e+00 1.211848237307112640e+03 1.219505344230496121e+03 2.870902769411752047e+02 1.990329293187431858e+01 1.325563832468943826e+00 1.212344669991907267e+03
2.709105736666137432e+02 1.370092011695814294e-01 1.213816207293368507e+03 1.218698350614903120e+03 9.404265733097587088e+01 3.392298656440334526e+02 1.599319351441041981e+00 1.217638671759029194e+03
2.020210617924230689e+02 7.373290265763920992e-01 1.211039854225921999e+03 1.212391187596575037e+03 3.041522243851576945e+02 3.304310365602784145e+02 3.141173773244847922e+00 1.211743501034598012e+03
1.745462007189062774e+02 4.996777143001254196e-01 1.211530260730932241e+03 1.217750781491019779e+03 2.431094368240632662e+02 3.943905825961400069e+02 3.652328247733388267e+00 1.215378597565264499e+03
2.915217925369686327e+02 2.923190115887952079e+00 1.210705459724847969e+03 1.213968311883220849e+03 2.518310322864819852e+02 1.764480108840386379e+02 1.469115016902928117e+00 1.212049732302117945e+03
2.988975573926390439e+02 1.409529543551759190e+00 1.214277341857774900e+03 1.216021676156192598e+03 3.687157860817142705e+02 2.534924554568612507e+02 2.081677237399527147e+00 1.214987997157599011e+03
2.611921141268925339e+02 2.761707170160185409e+00 1.215665559951206887e+03 1.216551373481313931e+03 3.278833553583820617e+02 1.100264371528139975e+02 1.676581216760818727e+00 1.215888123840770731e+03
1.192039905365127623e+02 6.929802523355785837e-01 1.211497221056512899e+03 1.213331589540707000e+03 3.150796160292359787e+02 2.772188699098790607e+02 4.968780686563434301e+00 1.212355777291686081e+03
1.207106405583672455e+02 2.867214349285046815e+00 1.212408841929781602e+03 1.217986165727483240e+03 3.550205585120709770e+02 1.998698273827576202e+02 4.596863899719944691e+00 1.214417776979010796e+03
1.772266160622809252e+02 2.263258806222295139e+00 1.213638795079998317e+03 1.217116849324125951e+03 1.741613669816347283e+02 1.485715470436070973e+02 1.821018316525476743e+00 1.215239932978536899e+03
2.777449874187996102e+02 1.992510417939113543e+00 1.211789722708187810e+03 1.213815950147792591e+03 4.070712239061404603e+01 1.312053377323704808e+02 6.189579215115237343e-01 1.213336160094668003e+03
2.909064617597410916e+02 1.961186555119293962e+00 1.211023856670298073e+03 1.211607388241550780e+03 1.505030634232210502e+02 3.339178482817559939e+02 1.665211933673233391e+00 1.211426092828913625e+03
2.358792393802245613e+02 2.918960671506342308e+00 1.215231068185458980e+03 1.217632844398573070e+03 2.611667831623565235e+02 1.897719929860674029e+02 1.911735756539112208e+00 1.216241825926370439e+03
1.859750685754429753e+02 2.803467376217457230e-01 1.211903793518093153e+03 1.215695151254416942e+03 2.908333119108026210e+01 1.761739087163786905e+02 1.103681485264213835e+00 1.215157945781133549e+03
1.737790172762015573e+02 4.516208500843651441e-01 1.211949354295194553e+03 1.218053619300365654e+03 1.949906560549836740e+02 6.220107069483677975e+01 1.479992986385946230e+00 1.213425653023481345e+03
2.219352444117863854e+02 1.169586788678635081e+00 1.214788876495625345e+03 1.217868302157548669e+03 2.523816777342446471e+02 3.091293806891355302e+02 2.530067091919537603e+00 1.216484196531568159e+03
1.017588266782943265e+02 9.589224097337455399e-01 1.211671396816686183e+03 1.215099386751624934e+03 4.585441064932065558e+01 1.566026008814196473e+02 1.989576905901229598e+00 1.214322982630127854e+03
1.965290050567006688e+02 1.657023264231619164e+00 1.217192820220245267e+03 1.217708163149378379e+03 1.289755468282445179e+02 3.600030003630614317e+01 8.394478301915454521e-01 1.217305276076196151e+03
2.181272139082077501e+02 1.968009698828237175e+00 1.218939511073332596e+03 1.219364434373635049e+03 4.300152671966897344e+01 3.375311297105922677e+02 1.744544615099686391e+00 1.219316416548244888e+03
2.278690327764509789e+02 2.302767844627053861e+00 1.215535920845270311e+03 1.219132949739926289e+03 5.123388983387160067e+01 1.192839308783310202e+02 7.483150239176541429e-01 1.218052184214373938e+03
2.708439221092424418e+02 9.995043717902949432e-01 1.210896358279809192e+03 1.213845718681926655e+03 1.299299416814658912e+02 1.336236744161710988e+02 9.730829994085489210e-01 1.212391706285060764e+03
1.592279227316798540e+02 1.390761974938888423e+00 1.213232111884007509e+03 1.214476736672223524e+03 2.847411642763381110e+02 2.118742108115523024e+02 3.118896275025537346e+00 1.213763114160594569e+03
1.223244260133686510e+02 3.566681001998639466e-01 1.212079513084818927e+03 1.212501590420813500e+03 8.613580656839614491e+00 3.435808486001742494e+02 2.879183174900187492e+00 1.212491267721545910e+03
1.961293445278807042e+02 5.362853585516562660e-01 1.213572780444288810e+03 1.216119127742729688e+03 2.102266633169312229e+02 3.529416206966930645e+02 2.871412665806198472e+00 1.215168594640293122e+03
1.719911113455756890e+02 1.479804383775850996e+00 1.211687295013721496e+03 1.215376089057705940e+03 1.661066012142806301e+02 3.323524018979011316e+02 2.898167232088207257e+00 1.214146834420112555e+03
1.463093465714311492e+02 2.223943587390951659e+00 1.214111816056993121e+03 1.219951274895378674e+03 3.865743479420817152e+02 3.729417782387779994e+02 5.191166142007535456e+00 1.216979139196121650e+03
1.269055732302416288e+02 2.567037073806535119e+00 1.210979755087835883e+03 1.211349255221561634e+03 3.012498877090449696e+02 2.146875037183876884e+02 4.065521933314782288e+00 1.211133508358390145e+03
1.160320184803003372e+02 2.412310730005538861e+00 1.213852713958464619e+03 1.215918543284939460e+03 1.059162193223488480e+01 9.925579316335775104e+01 9.466991657500321011e-01 1.215719353498056535e+03
1.173299082654190499e+02 2.492949429252270921e+00 1.211280999340449625e+03 1.215948442485507712e+03 2.696878916470535614e+02 8.943957058303264773e+01 3.060834765315612049e+00 1.212443411449015230e+03
2.008846463297206810e+02 1.330553108241256499e+00 1.210223920430762519e+03 1.212697782234229180e+03 2.968020506469126758e+02 1.372962891642211787e+02 2.160933390094081474e+00 1.211006351539964498e+03
2.994918710003236129e+02 1.578572259019802582e+00 1.211513992645897360e+03 1.211843189572304937e+03 1.372307455630747199e+02 6.494254545793634747e+01 6.750543523793759437e-01 1.211619738000537836e+03
2.345545052997132700e+02 9.216564979819505954e-01 1.216528884695126180e+03 1.219946055146310982e+03 6.375993318188868386e+01 2.834810597620917179e+02 1.480427726170838509e+00 1.219318598814639245e+03
1.268673357051049777e+02 2.322014182185233366e+00 1.211184259313401981e+03 1.216651921497898456e+03 6.940934615323186563e+01 3.325782819726766775e+02 3.168566801625779750e+00 1.215707845534710259e+03
1.589228519442757772e+02 2.910655684137781751e+00 1.210725015404612350e+03 1.216110756683813406e+03 2.396205026660247484e+01 3.936759824413188085e+02 2.627929385852958433e+00 1.215801748899205450e+03
2.679548868328824938e+02 8.777650700135810613e-01 1.215880185049682495e+03 1.219646295312591974e+03 3.448108014505565393e+02 3.357602508397756083e+02 2.539871768469701863e+00 1.217738198437570873e+03
2.278757714285989096e+02 2.669119023904197974e+00 1.211803666891333478e+03 1.215240485941247698e+03 3.623777173518615768e+02 2.967412292561414233e+02 2.892448558597757291e+00 1.213350953484824458e+03
2.964311559126393263e+02 2.096842823708251480e+00 1.214973061337470199e+03 1.216435903561600753e+03 1.002444541334468084e+02 2.463437129025373906e+02 1.169202899637602711e+00 1.216012802503375269e+03
2.239613028911747961e+02 4.820850910271482492e-01 1.212795138158305008e+03 1.218536123906786088e+03 3.773540972569986707e+02 1.044596223985162737e+02 2.151325757778938197e+00 1.214039812560499968e+03
1.579166771427580329e+02 2.883154116291976710e+00 1.216871053899468279e+03 1.219541951376332463e+03 8.156626686875907239e+01 1.404515398983832029e+02 1.405917416603417180e+00 1.218560700639964807e+03
2.929563473865363221e+02 1.019582219493012420e+00 1.210728460236511182e+03 1.214975642316303492e+03 2.930735627470541544e+02 3.107037010388647786e+02 2.060980310453131015e+00 1.212914059579724153e+03
1.248513643998658438e+02 2.799743106390196967e+00 1.211062629728384309e+03 1.211292571791150522e+03 3.027364215055282557e+02 1.075650700655198335e+02 3.286319645310091353e+00 1.211122911581120889e+03
2.834597314555290950e+02 1.384784260536552791e+00 1.213732290758457566e+03 1.217101646748617668e+03 2.750364326772850632e+02 7.808654695323342310e+01 1.245760651141795794e+00 1.214477360861239049e+03
2.440423086578452398e+02 1.629093286364370563e+00 1.210220825555135889e+03 1.215342168683697537e+03 8.816006390073907539e+01 4.572274054808418242e+01 5.486048922628864455e-01 1.211969831666032178e+03
1.216784467367436662e+02 2.731002296620854697e-01 1.219303137846285154e+03 1.219383669368226947e+03 2.889764649111965511e+01 2.150331326019234837e+02 2.004716411451219482e+00 1.219374129073799622e+03
2.880373935173798827e+02 1.747753159825089053e+00 1.214674373272643379e+03 1.215898760398212062e+03 3.719062551215128565e+02 4.994320325291834450e+00 1.308512658180483346e+00 1.214690597661528955e+03
1.617084522356401806e+02 2.177507257479312397e+00 1.215529727111436841e+03 1.219985531671665967e+03 1.285418538600125657e+02 2.073670834247975847e+02 2.077250339365851239e+00 1.218280434500869205e+03
1.749399416786935717e+02 2.952383353815621447e+00 1.211310772653149797e+03 1.214590902905893017e+03 2.471803973803170891e+02 3.901806468764316946e+02 3.643313460269518078e+00 1.213318807746268703e+03
2.112029665344863361e+02 1.095065018809673996e+00 1.215932947779359893e+03 1.218232366425018881e+03 2.437381699928198202e+02 3.588909693172925586e+02 2.853317589228614892e+00 1.217302348182983906e+03
1.294257254140020734e+02 1.896449660153489702e+00 1.212777375656602089e+03 1.217943140105493285e+03 1.621157756407716590e+02 5.423488298334797264e+01 1.671620212535532612e+00 1.214072331873453322e+03
1.166473385797356741e+02 1.515142128886019512e-01 1.212763008680114581e+03 1.214187951409550124e+03 2.102860440491225447e+01 1.661235208462767901e+02 1.604426877885936298e+00 1.214027843385573760e+03
2.906688376368617810e+02 1.649563592986761806e+00 1.215466598783079235e+03 1.217378596931459242e+03 3.808466501753420630e+01 2.160609242669832781e+02 8.743475611308100248e-01 1.217092076873408359e+03
1.359805295668701888e+02 1.170831685040206738e+00 1.212329176440192441e+03 1.216549509519850517e+03 1.872159089560057055e+02 8.712708757167155227e+01 2.017516753328759016e+00 1.213669488875599882e+03
2.138605923893157126e+02 2.849980204317130728e+00 1.212531642239855728e+03 1.216755764248464857e+03 1.870250374120087429e+02 3.720545054633068958e+02 2.614224231912520846e+00 1.215342697741631355e+03
2.856309980397106756e+02 2.138116330252856301e+00 1.214663787995624944e+03 1.219381890701985867e+03 2.015742696180477083e+02 2.452978077533207681e+02 1.564508335713761689e+00 1.217253657242844838e+03
2.553713569208882461e+02 1.796931843572031395e+00 1.212762773844646517e+03 1.217115905878576086e+03 1.626190857912278034e+02 1.283944662271928792e+02 1.139570058002135511e+00 1.214683365033738255e+03
1.368760909155628553e+02 1.605184700246546692e+00 1.215605732838569111e+03 1.216316900327238500e+03 3.914192753999558931e+02 1.865298610728198696e+02 4.222425791143504803e+00 1.215835258179969742e+03
1.768768273053198072e+02 1.066608250526092982e+00 1.212229286905912431e+03 1.213143258984259091e+03 2.557971139145180928e+02 3.158954532291974715e+02 3.232150733667762843e+00 1.212734312929550697e+03
2.003190578208748889e+02 2.035191755023060711e+00 1.214028428993635316e+03 1.215486435753452042e+03 2.548722817823956177e+02 3.129083353932372802e+02 2.834381428068325715e+00 1.214831947913452723e+03
2.094362553129294895e+02 9.693945887110184678e-01 1.212720437627265710e+03 1.214012100172852115e+03 1.341555069309189037e+02 1.295621299497140626e+02 1.259178533757676854e+00 1.213355019950093492e+03
1.512106398408836014e+02 2.152006193465008099e-01 1.211029370547198823e+03 1.215766574446057803e+03 2.068157728512831284e+02 2.574533850786702374e+02 3.070347155587040522e+00 1.213656314764228000e+03
2.921240200177371662e+02 8.266408854252416116e-01 1.212958482631591096e+03 1.217976822163068618e+03 3.462354928686184508e+01 2.715736163006773722e+02 1.048175242723784040e+00 1.217409368425301864e+03
2.306578131335370188e+02 9.153201570252788022e-01 1.214271904681056867e+03 1.217356921395284871e+03 1.617176684836822176e+02 3.128570047858843850e+02 2.057483623998534572e+00 1.216305660680462324e+03
2.608211317005710725e+02 2.857203317753393534e+00 1.212528384200431901e+03 1.215919738534738372e+03 6.142113914469518221e+01 1.231289079030907061e+02 7.075732163437346012e-01 1.214791042824341503e+03
1.339851101089585086e+02 1.683801358793391989e+00 1.215587883676991169e+03 1.216788869806968705e+03 2.982904167469895285e+01 3.953097738649843222e+02 3.173030310561782752e+00 1.216704604940971194e+03
1.883423122440194106e+02 2.143147588987111885e+00 1.215182867537873790e+03 1.219191771165904584e+03 1.375486006248868591e+02 1.788444059194252418e+02 1.679882777133945959e+00 1.217448941606874769e+03
2.515305281257877539e+02 7.055559802897274357e-01 1.213627707581730874e+03 1.218235935947630196e+03 5.454133163417900221e+01 3.339063300965688654e+02 1.544336047895106034e+00 1.217588901774659007e+03
1.368556855917501878e+02 1.538377003958373845e-01 1.213093556364575988e+03 1.216200436555846409e+03 1.175436822942623749e+01 8.752247116644240066e+01 7.254126050123937963e-01 1.215832582240226202e+03
2.292042490569288304e+02 2.194738837894564476e+00 1.214484670925606679e+03 1.219981011346794730e+03 1.806708520864233378e+02 1.106229196821061151e+02 1.270891673985411474e+00 1.216571983748215871e+03
1.116212294121939976e+02 2.557826090147194975e+00 1.212797767906455647e+03 1.216425484406274563e+03 1.918733371104954415e+02 6.002314171328762171e+01 2.256707618705593443e+00 1.213662198177895107e+03
1.551909190705262631e+02 9.656495236058726395e-01 1.216239021891949278e+03 1.216970233981614911e+03 3.166829789204690542e+02 3.675115313711129374e+02 4.408727742508251168e+00 1.216631788672138100e+03
2.004392296246106184e+02 1.895296516025088529e+00 1.215836805805570521e+03 1.219654314006294044e+03 3.580204681768546493e+02 2.232303352778725980e+01 1.897550207197274075e+00 1.216060862120915544e+03
2.461427777531660297e+02 2.903965284976778305e-01 1.211404457590991342e+03 1.217252537162866474e+03 9.288714247041029637e+01 3.971458474150586540e+02 1.990848540666417588e+00 1.216144017100782321e+03
2.944778635227337418e+02 1.816047546134818447e+00 1.210694334299800857e+03 1.214599152173954508e+03 2.032330152854433436e+02 2.423375658319848469e-01 6.909699439447576363e-01 1.210698984907578961e+03
1.591080453231865590e+02 5.469296694857399554e-01 1.215157008666778665e+03 1.216806813499014652e+03 3.778794424418385915e+02 1.639295564862614896e+01 2.478016729384130201e+00 1.215225603824783093e+03
1.324091949470777081e+02 2.995399631205119206e+00 1.217878809407111476e+03 1.217943611353224696e+03 2.035594542334113157e+02 3.927251963245805655e+01 1.833950987791491904e+00 1.217889289640255811e+03
1.097441750290700355e+02 2.879189939941573684e+00 1.213581622245907056e+03 1.217615145146977284e+03 3.732481370752293515e+02 3.918019041361484369e+02 6.971213196588560201e+00 1.215647293597958424e+03
1.802576123152038576e+02 9.849736422364914201e-01 1.215407383195559987e+03 1.216946366603870274e+03 3.948594517617153770e+02 8.602756722692728175e+00 2.238253371396609737e+00 1.215440197916700072e+03
1.971494730641524029e+02 2.860191086351342449e+00 1.212190780465844682e+03 1.213331540451979436e+03 1.794748883126603687e+02 2.819853206012924716e+02 2.340661639829966667e+00 1.212887866724216565e+03
1.398179607837684841e+02 2.409306019463127502e+00 1.211729193545168073e+03 1.213733078986426790e+03 1.308809610847926024e+02 3.540430578154956720e+02 3.468252692157582029e+00 1.213192230436481850e+03
1.601803809890291177e+02 1.693449249387255495e+00 1.210186373315605806e+03 1.218457137470326870e+03 1.501915943467727743e+02 1.170125929488309566e+02 1.668145534713797229e+00 1.213808261015821699e+03
1.471030500205071121e+02 2.674797987195939974e+00 1.213318627853520184e+03 1.219341062198169311e+03 2.653504472839384221e+02 3.243296162375196445e+02 4.008618879345145380e+00 1.216631023745202810e+03
2.692764337030419597e+02 2.906093116311317726e+00 1.215936291040489095e+03 1.217890154389427380e+03 4.574344116483399603e+01 3.190713935359288200e+01 2.883675316498729990e-01 1.216739146469723892e+03
1.288015240040105027e+02 1.805646210693073739e+00 1.212937246618816289e+03 1.219245436316835367e+03 1.140562269681761904e+02 2.266472868406879684e+02 2.645182317860273358e+00 1.217133663802627552e+03
2.902108693099998504e+02 1.717387793785683792e-01 1.212472897416077330e+03 1.217758313050374909e+03 2.241844119452227062e+02 2.721354735239915499e+02 1.710204330558863894e+00 1.215370925741198789e+03
1.043651524976868359e+02 2.938558096657942098e+00 1.212907204977084348e+03 1.218602702101115710e+03 4.336042454528143963e+00 3.244942254509516033e+02 3.150766899064014304e+00 1.218527599777090700e+03
2.783686862669667903e+02 9.943873557652763706e-01 1.213405553198861526e+03 1.213852243005788750e+03 1.649668547805711967e+02 4.669662924127679560e+01 7.603710275761913495e-01 1.213504100704097709e+03
2.038597709156757105e+02 1.201863384788310674e+00 1.212862617132939931e+03 1.216726135635577066e+03 1.672313748799882092e+02 6.912816420149093233e+01 1.159422175448468373e+00 1.213992581857374944e+03
1.723418748341961759e+02 1.725824578502514806e+00 1.214510841711777402e+03 1.216079261064840694e+03 2.133099789787789859e+02 1.708903437777260592e+02 2.229291767460056750e+00 1.215208466639600601e+03
2.239309992712566100e+02 1.127113472052833743e+00 1.210499408574589779e+03 1.210822900165137980e+03 5.794738375705863120e+01 3.970525675871791123e+02 2.031875679673442736e+00 1.210781701278667242e+03
2.554605433968011425e+02 1.998196160778368258e+00 1.218729233761586329e+03 1.219690310034397044e+03 8.973947474854746531e+01 3.891654399721086861e+02 1.874672731658539870e+00 1.219510219003245993e+03
2.310980209021450094e+02 1.104391823688869678e+00 1.211926280206269439e+03 1.214039640419140369e+03 3.047563318491679638e+02 4.751183745321232266e+01 1.524323609207985930e+00 1.212211317673926033e+03
1.784143986406415650e+02 2.013728282932998881e-01 1.215863149689766033e+03 1.216624355060880134e+03 2.444838163891335512e+02 7.959112060800417510e+01 1.816416945416398310e+00 1.216050097773629432e+03
2.583899261374677963e+02 2.653319626822386201e+00 1.210843245176104801e+03 1.214778050011514551e+03 1.639105453506097376e+02 3.133675766190253853e+02 1.847123566712562504e+00 1.213426728891328594e+03
1.169586281354284125e+02 2.608844925203602561e+00 1.213998222270850647e+03 1.217038998286830520e+03 2.786260799911390222e+02 2.506481707675841903e+02 4.525311720875071941e+00 1.215438241211932109e+03
2.352736654743141003e+02 1.339796621010628463e+00 1.211857363188849376e+03 1.212830967462516583e+03 2.628328054214421172e+02 3.240709084223768741e+02 2.494557615110110760e+00 1.212394958733005751e+03
1.719027185989271231e+02 1.754418448247133666e-01 1.212179742975106592e+03 1.218657574881259961e+03 1.654163821427938785e+01 2.279010435029277062e+02 1.421982640585957025e+00 1.218219214644611611e+03
1.480304486603245948e+02 2.633367525253406782e+00 1.218512982074844786e+03 1.219654509320770558e+03 2.338484315357506489e+02 3.602997767843022530e+02 4.013689167986002282e+00 1.219205220149690149e+03
2.514280237005252161e+02 1.738320632398124621e+00 1.210737477384434669e+03 1.215375903989371636e+03 5.957929427162888913e+01 8.442547421111031269e+01 5.727474859932981666e-01 1.213456841262737044e+03
1.464595932574995629e+02 1.624817193762162215e-01 1.210783434693293884e+03 1.218561347549447873e+03 3.150656094754342575e+02 4.147380635722144149e+01 2.434387587065068193e+00 1.211688186418726900e+03
2.542226983673928373e+02 2.843610533364786086e+00 1.212929308439931674e+03 1.213751658114863176e+03 9.272504451164577688e+01 5.403406441028479890e+01 5.772856234490910676e-01 1.213232082800102035e+03
2.597964061167078853e+02 2.420710313357863797e+00 1.216637000286374359e+03 1.217693870799703518e+03 1.734702132964672217e+02 2.746123811181128076e+02 1.724745161460350173e+00 1.217284715086762617e+03
2.952981153678571218e+02 1.546340908098350786e+00 1.210595168836889798e+03 1.218657249584487317e+03 2.390007115441768235e+02 2.819950426631455684e+02 1.764304365973722755e+00 1.214958864291244254e+03
1.616820257454346859e+02 4.605627351406839098e-01 1.213175540987187787e+03 1.216048425895320406e+03 3.108050503532023754e+02 5.141197014028553269e+01 2.240304813249877292e+00 1.213583309437472735e+03
1.407706131027183574e+02 6.293382089797305845e-01 1.210908337947365908e+03 1.219792104158011171e+03 1.088978096206480188e+02 3.179605508289511704e+02 3.032297374013186886e+00 1.217525725492024094e+03
1.910560200323813547e+02 2.305847155875363264e+00 1.210058175951262911e+03 1.210521802467005955e+03 3.226106126732158259e+02 2.065390246568141919e+01 1.796669453706398079e+00 1.210086071921904477e+03
2.410992693719234410e+02 3.258352550986247653e-01 1.210628818604694516e+03 1.214147426595277693e+03 1.111129168729062826e+02 3.097654057111341785e+02 1.745664031585210108e+00 1.213218505393621172e+03
1.434886369022832184e+02 1.943695325548239428e+00 1.217406871957041176e+03 1.218401033070902031e+03 3.553929798426236175e+02 2.082660634524895897e+02 3.928248643681583108e+00 1.217774203988850786e+03
2.507971966925868514e+02 1.701250686743904783e+00 1.212298976157678453e+03 1.212747046036735128e+03 3.526306266627890977e+02 2.180373874819030959e+02 2.275416239377607841e+00 1.212470171990312110e+03
1.087669798884503933e+02 2.895780478712541406e+00 1.218962647684479407e+03 1.218989808116526774e+03 8.298448869840689213e+01 3.201179296764075843e+02 3.706110244011827870e+00 1.218984216747029677e+03
1.205296466429531961e+02 1.960486467732294846e+00 1.212512541562335855e+03 1.215934096010712892e+03 1.519547285021643859e+02 3.165312330652782862e+02 3.886894010029298130e+00 1.214824305280764293e+03
1.150272168369071579e+02 5.456141197952828481e-01 1.212132399150116044e+03 1.217795529436424204e+03 2.630040289174645523e+02 3.839967798493744340e+02 5.624762787090619831e+00 1.215493482728905519e+03
2.378179997212933472e+02 1.886678877465269855e+00 1.214882752549657198e+03 1.214941862569782188e+03 1.157476773185668719e+02 2.778742661645144949e+02 1.655139408894111375e+00 1.214924480796105627e+03
1.607808495296760327e+02 2.173454995127645173e+00 1.216336481787977846e+03 1.219546784234964207e+03 2.699653090229317627e+02 3.580149911070276403e+02 3.905815288120183304e+00 1.218166692706649656e+03
1.942960923786533272e+02 1.214909191581553527e+00 1.211312848922032572e+03 1.218896997196933171e+03 3.597135063077848258e+02 7.996779864046517616e+01 2.262944661240939848e+00 1.212692229021393587e+03
2.071192337265006245e+02 1.521503508168787100e+00 1.216313471644256424e+03 1.217215320047340583e+03 3.052105453166804523e+02 5.330048212280274100e+01 1.730940294578794614e+00 1.216447551075590354e+03
1.097068634137508383e+02 2.086574189468294094e+00 1.210284801560539790e+03 1.216435639584716910e+03 1.032320442719792339e+02 8.637215878184233020e+01 1.728280229275575453e+00 1.213086749776396800e+03
2.089000828064485518e+02 2.851208877887157378e+00 1.217209968259212701e+03 1.217458362786642738e+03 1.576214650576153247e+02 1.694326028991132773e+02 1.565600470631468566e+00 1.217338650747681186e+03
2.743941337239596123e+02 2.062721307827602157e-01 1.210241751673476983e+03 1.214042758087232642e+03 1.523845480952172409e+02 1.744949741553940896e+02 1.191277371036845834e+00 1.212270806633439634e+03
2.414142504359033410e+02 8.511712659432529859e-01 1.218818344555645808e+03 1.219700184658650187e+03 3.569573320400023135e+02 3.314155383414906169e+02 2.851417715145441623e+00 1.219242904449045454e+03
1.849711061601871620e+02 3.635723431298132358e-01 1.216253161863265404e+03 1.217182556881089113e+03 9.549075124987052732e+01 1.046205080744491625e+02 1.081851449550293331e+00 1.216739060454353648e+03
1.730741810443022359e+02 1.091618291995446466e+00 1.218042255480586618e+03 1.218613358934836697e+03 3.510219894917821648e+02 2.849698630334495419e+02 3.674677809756241142e+00 1.218298150697623669e+03
2.418339767137686067e+02 2.343858095950495546e+00 1.217666748569801939e+03 1.219621387806131679e+03 1.869514032002661708e+01 3.103331904726096582e+02 1.360554605534480821e+00 1.219510326686531016e+03
2.765323171175878088e+02 1.420218648856796717e+00 1.215747388552512803e+03 1.219956297828784500e+03 4.985457051719284038e+01 2.709438597207474118e+02 1.160075732130539716e+00 1.219302200599696562e+03
1.489165485456663021e+02 2.233029528793063267e+00 1.210402032809647835e+03 1.213033628517104944e+03 3.640704979449544680e+02 1.859579648265388698e+02 3.693534856556410340e+00 1.211291743461236820e+03
2.646038054111776319e+02 7.551975768774122910e-01 1.211380913547522141e+03 1.211407697466620903e+03 3.798111629118429846e+02 3.299572882950108124e+02 2.682381873170411879e+00 1.211393364860764905e+03
1.962522031038417651e+02 8.557727238176918716e-01 1.210775711665220797e+03 1.212558235554149633e+03 1.613171485929056814e+02 1.866790871050737621e+02 1.773209320426564872e+00 1.211731928710674765e+03
2.884048749079655636e+02 2.567891348047766087e+00 1.210994311114110587e+03 1.215411635915409988e+03 1.194984122492987524e+02 2.723094053459065549e+02 1.358533962784912008e+00 1.214064385359296466e+03
1.123803055069121228e+02 1.468815381001186582e+00 1.211705639483367804e+03 1.219016801207457092e+03 1.858881265619987175e+02 1.351159958117415272e+02 2.856409056068960339e+00 1.214783029547975502e+03
2.072686792200902346e+02 2.275427158010487450e+00 1.210298378724092117e+03 1.219566332727254121e+03 1.946760645134224887e+02 6.250965632124252380e+01 1.240832535829351713e+00 1.212550978975997850e+03
1.451904125077957133e+02 1.562457010287602754e+00 1.211772318073178667e+03 1.216388965899262757e+03 7.434768071921328669e+01 1.520133271483152804e+01 6.167694676756748651e-01 1.212556014028502659e+03
2.633027581958956489e+02 2.249930275917339184e+00 1.212821047275715500e+03 1.217070413425979496e+03 1.847229559329911410e+02 1.702750783061113680e+02 1.348250343716437927e+00 1.214859258995784330e+03
2.520235163858055216e+02 1.158552545792132848e+00 1.211916961987092236e+03 1.217155580520619651e+03 7.781610995796116015e+01 1.340788007019222903e+02 8.407743598637361648e-01 1.215231754627098780e+03
1.440169640929176751e+02 2.624839856838054319e-01 1.210312712308270875e+03 1.214644730494207579e+03 3.874876346238130509e+02 9.555800871588360224e+00 2.756921297405177107e+00 1.210416972697578785e+03
1.355660589614003015e+02 2.571921486263769374e+00 1.211889078641517926e+03 1.213756302597016429e+03 3.570890370657582480e+01 3.452402732646166328e+02 2.810063078396784153e+00 1.213581275258840606e+03
2.436195006028944476e+02 2.363282635666994480e+00 1.211293270539887317e+03 1.219161250091827696e+03 3.504537369666429640e+02 2.486597199278293999e+02 2.459217983009666764e+00 1.214558844980369258e+03
2.783503884472194159e+02 8.466683786887558849e-01 1.216785685753650796e+03 1.219128246224725444e+03 2.618854682134222003e+02 1.665968467824458514e+02 1.539363093352091649e+00 1.217696489243596488e+03
2.821763382395160988e+02 2.020834828817462459e+00 1.218380359389404248e+03 1.219226740908506144e+03 2.210677780986203800e+02 3.172631053941946107e+02 1.907781803575147928e+00 1.218879170877528850e+03
2.138015484997992530e+02 2.863191841152150197e+00 1.212891285180294290e+03 1.213876459780206687e+03 1.023688733583633308e+02 1.106211550133560593e+02 9.962043299790197537e-01 1.213402957735884002e+03
2.835701789619563442e+02 2.597736166534183599e+00 1.214088475756813978e+03 1.214337294519690431e+03 1.473340838795909917e+02 1.427249384845787574e+02 1.022882672028372797e+00 1.214210908227060372e+03
2.800124605976636758e+02 2.207913542797663276e+00 1.211273886391016504e+03 1.217865804449091229e+03 3.217380891475590374e+02 3.131776742023030238e+02 2.267455391073263105e+00 1.214525406805422108e+03
2.590745923008712452e+02 2.086385344476927806e+00 1.213233238548693635e+03 1.217316552799899000e+03 3.686870864502137124e+02 1.489335542848927219e+02 1.997959877647815796e+00 1.214408119256368764e+03
1.555019620904471367e+02 8.012107151462779520e-01 1.211059969991903927e+03 1.214399096863427985e+03 3.227433889705775982e+02 1.164730170862460739e+02 2.824507164747895871e+00 1.211945451899676527e+03
2.372763489850485144e+02 4.422667481982679449e-01 1.216578265974073702e+03 1.219434560008879998e+03 6.112122748230252967e+01 6.288873327378929901e+00 2.840995366711798753e-01 1.216844737484350162e+03
1.730751118148924377e+02 2.442196035463533921e+00 1.212204506393688689e+03 1.215762854719622510e+03 6.978821511310383130e+01 1.163071288546115909e+02 1.075228795268660109e+00 1.214428427037967595e+03
2.759552963314037584e+02 1.269903779758357443e+00 1.213374126258034721e+03 1.218451400158157185e+03 2.396029539531326691e+02 3.473284049686635058e+02 2.126907389437929119e+00 1.216378704934079906e+03
1.199025764765378597e+02 2.215771311298759816e+00 1.215769593179417370e+03 1.219541693928159475e+03 2.242082331831296074e+02 3.141835437176115988e+02 4.490243602113854315e+00 1.217970837758823563e+03
1.960014082363815930e+02 1.949814593590940115e+00 1.211477321132927500e+03 1.218570073806214168e+03 1.318753969344448365e+02 2.721928863587125988e+02 2.061558061898427940e+00 1.216255218587872378e+03
2.261624259021693888e+02 2.170906650181535724e+00 1.213891627847428936e+03 1.219915057581825977e+03 3.006417379880430758e+02 1.383369508862701878e+02 1.940988593145889674e+00 1.215789813168158162e+03
2.933863078242850406e+02 3.733386503896328756e-01 1.210357141429908552e+03 1.211064393790806434e+03 4.256600801102128173e+01 2.754414591316156020e+02 1.083920614772172497e+00 1.210969726486512400e+03
2.737178902345855249e+02 4.105842610233951806e-01 1.211041581170751215e+03 1.217391324675539636e+03 2.131941867144360572e+02 3.020431429209430689e+02 1.882366290321042968e+00 1.214763936626411578e+03
2.723977126306157288e+02 1.318335814805907003e+00 1.213917740373508195e+03 1.218710192782258673e+03 3.229500614955744595e+02 1.931667778468992083e+02 1.894717963518117720e+00 1.215711409014435048e+03
2.952982805200623488e+02 1.719886517787099667e+00 1.211168720397969537e+03 1.216607467401011945e+03 1.921818646510980670e+02 2.053482252986042909e+02 1.346198458215182470e+00 1.213978160672199465e+03
1.714616271912560137e+02 7.956323139964772695e-01 1.217134590837194537e+03 1.217201564124993183e+03 3.392067735088631366e+02 1.441276397979552542e+02 2.818907187715450124e+00 1.217154561899949840e+03
1.646004496912650836e+02 2.494500183015488481e+00 1.211562364874356263e+03 1.217981786545668683e+03 2.020361608076055404e+01 1.177582708496220931e+02 8.381622722729653585e-01 1.217041704224431896e+03
1.586962209488476390e+02 1.129564111534476778e+00 1.210732225669866466e+03 1.214791741446751075e+03 3.556071562055701065e+02 1.421954623517388825e+02 3.136827175725659167e+00 1.211891811219036981e+03
1.984319332902772999e+02 1.429757092082845960e+00 1.216143288287793439e+03 1.218438325162994715e+03 2.853607181340096872e+02 8.412114398162469797e+01 1.862008074956039039e+00 1.216665806839357629e+03
