weight logl C sigma mu1 mu2 a1 a2 W lam0
1.000000000000000000e+00 -9.999999999999999673e+98 8.016009240150168136e-02 7.973485275881168066e-01 3.852713958464623056e-01 5.918543284939546956e-01 2.647905483058721199e-02 2.481394829083943820e-01
1.000000000000000000e+00 -9.999999999999999673e+98 2.622697210134300461e-01 7.682991529565152966e-01 8.855617649137225156e-01 7.227065466126182391e-01 8.177400640185009673e-01 4.875151400891962750e-01
1.000000000000000000e+00 -9.999999999999999673e+98 9.401869675868995690e-01 5.681907447672720490e-01 5.898760398212127276e-01 4.674373272643347343e-01 1.248580081322958613e-02 9.297656378037821856e-01
1.000000000000000000e+00 -9.999999999999999673e+98 3.325495223857539706e-01 3.343427410126957877e-01 1.384621901837612690e-02 8.978170727097996018e-01 2.228856861819834556e-01 7.001240020579233558e-01
1.000000000000000000e+00 -9.999999999999999673e+98 2.145821163378468510e-01 5.412260333965553949e-01 4.915044237071604094e-01 3.497725762012182660e-02 6.323408236780767577e-01 5.526588791949416102e-02
1.000000000000000000e+00 -9.999999999999999673e+98 6.147364901728712416e-01 6.352497360257892689e-01 2.794441407489619555e-01 6.777171269221409222e-01 1.821651916752130562e-01 7.846784364373182719e-01
1.000000000000000000e+00 -9.999999999999999673e+98 7.804937732549769303e-01 6.064166386651456131e-01 5.559442179352033220e-01 3.783884810846334101e-01 7.726252825779844624e-01 4.607690466156728615e-01
1.000000000000000000e+00 -9.999999999999999673e+98 7.714192926867369238e-03 8.431971423579818214e-01 1.810923435458932085e-01 3.297928162079455383e-01 9.752867941052304479e-01 7.751173561610119611e-01
1.000000000000000000e+00 -9.999999999999999673e+98 1.648084546931120054e-01 6.478710576563007084e-01 7.377680488869982067e-01 5.595067824259277733e-01 3.360015856263517398e-01 7.728155473983283619e-01
1.000000000000000000e+00 -9.999999999999999673e+98 9.178508948097815479e-01 8.612883332876495324e-01 4.337294519690385597e-01 4.088475756814012874e-01 3.568123462114468625e-01 3.683352096989774838e-01
1.000000000000000000e+00 -9.999999999999999673e+98 6.152209009098874581e-02 5.283511843097056238e-01 1.787412678069111305e-02 7.024289350617153316e-01 4.965012923254779054e-01 3.080824756434222822e-01
1.000000000000000000e+00 -9.999999999999999673e+98 9.533441881843088828e-01 5.343322734437109256e-01 5.466598783079249513e-01 7.378596931459212582e-01 9.521166254383550687e-02 5.401523106674581687e-01
1.000000000000000000e+00 -9.999999999999999673e+98 7.424994840393863704e-01 9.532494691844957124e-01 7.708157852316828151e-01 2.700822083326133161e-01 4.761105865572068385e-02 1.373623100896037563e-01
1.000000000000000000e+00 -9.999999999999999673e+98 6.393788571429945833e-01 8.859031116911026960e-01 5.240485941247632340e-01 1.803666891333539635e-01 7.418530731403535361e-01 9.059442933796538755e-01
1.000000000000000000e+00 -9.999999999999999673e+98 8.545528683330687603e-01 1.276179350675221702e-02 3.816207293368542031e-01 8.698350614903098688e-01 2.351066433274396905e-01 8.480746641100836980e-01
1.000000000000000000e+00 -9.999999999999999673e+98 7.473542873412484244e-01 7.403022297333328172e-02 7.210210583226217551e-02 5.311847669275359118e-01 8.150996079830231666e-01 1.438509933030840404e-02
1.000000000000000000e+00 -9.999999999999999673e+98 3.653755590744621751e-01 8.076538053322530608e-01 5.762854719622603206e-01 2.204506393688756560e-01 2.907678221365289639e-01 1.744705377827595605e-01
1.000000000000000000e+00 -9.999999999999999673e+98 6.539170901998160312e-01 8.846104666257962323e-01 3.413530982832396754e-01 6.925902825481936587e-01 2.281870116029163231e-01 9.650227463150308216e-01
1.000000000000000000e+00 -9.999999999999999673e+98 4.811645872673955271e-01 2.806865938712895803e-01 7.125096952028683317e-01 1.041263162968097955e-01 3.170412357891451149e-01 9.023284959741054712e-01
1.000000000000000000e+00 -9.999999999999999673e+98 2.775098104522357723e-01 2.417967983263027421e-01 4.399096863427975901e-01 1.059969991903856323e-01 2.911825427156151669e-01 8.068584724264439290e-01
1.000000000000000000e+00 -9.999999999999999673e+98 2.586118333096798505e-01 1.600769127354744192e-01 3.584631618516034290e-01 6.914974393350141746e-01 8.311315400382498497e-01 7.958200302343997334e-01
1.000000000000000000e+00 -9.999999999999999673e+98 2.391074072362157077e-01 6.374948253862398051e-01 8.625151017517231899e-01 6.093670936305326524e-01 6.674851659510807611e-01 1.645132945786660361e-01
1.000000000000000000e+00 -9.999999999999999673e+98 4.921596664513864239e-01 4.585369283044296029e-01 6.143288287793403635e-01 8.438325162994818607e-01 7.134017953350242358e-01 2.103028599540617272e-01
1.000000000000000000e+00 -9.999999999999999673e+98 9.206324694230269001e-01 7.867058356937753905e-01 6.766267893989719173e-02 1.805912945630728794e-01 2.408589137414041126e-01 5.476158725105155778e-01
1.000000000000000000e+00 -9.999999999999999673e+98 8.926012646598565636e-01 9.411286966668237497e-01 3.560455078764979131e-02 7.497778197345216222e-01 5.932103790198565152e-01 2.530415134632165719e-01
1.000000000000000000e+00 -9.999999999999999673e+98 4.812610155192088568e-01 2.606112840750661741e-01 7.757116652207174390e-02 2.558235554149647095e-01 4.032928714822642258e-01 4.666977177626844275e-01
1.000000000000000000e+00 -9.999999999999999673e+98 8.230190270558882526e-01 2.259301989232456176e-01 1.380913547522070184e-01 1.407697466621010696e-01 9.495279072796074527e-01 8.248932207375270220e-01
1.000000000000000000e+00 -9.999999999999999673e+98 5.071852089490102022e-01 4.023645613047238667e-01 2.888592184963000298e-01 2.710398638502327096e-01 6.076968312864068356e-01 7.087970605568265636e-01
1.000000000000000000e+00 -9.999999999999999673e+98 1.595996853800295545e-01 6.835171941873081636e-01 6.862489458530718345e-01 9.640056939037634498e-01 8.713096067561387770e-02 2.786500169709384966e-01
1.000000000000000000e+00 -9.999999999999999673e+98 8.479314067714205372e-02 8.651189397253802316e-01 3.998222270850712023e-01 7.038998286830586704e-01 6.965651999778476045e-01 6.266204269189604714e-01
1.000000000000000000e+00 -9.999999999999999673e+98 6.444545732106284897e-01 9.983404587841901989e-01 2.242416652767752483e-01 5.415430141547816767e-02 9.340329347036532281e-01 3.972167869699804177e-01
1.000000000000000000e+00 -9.999999999999999673e+98 7.339585197291980112e-01 2.493869480812922479e-01 1.369579944799605986e-01 2.499066033896484296e-01 3.389045172061483369e-01 5.949498100135051093e-01
1.000000000000000000e+00 -9.999999999999999673e+98 3.617093741709808130e-01 5.606291650008671246e-01 4.510841711777388019e-01 6.079261064840735251e-01 5.332749474469474782e-01 4.272258594443151258e-01
1.000000000000000000e+00 -9.999999999999999673e+98 6.123536990294252691e-01 3.296889181993101214e-01 9.162460797241751553e-01 8.880577759788795822e-01 1.074789256572622476e-01 1.735098935579223456e-01
1.000000000000000000e+00 -9.999999999999999673e+98 9.507593604649472452e-01 8.865009978918321210e-01 4.051529435266646439e-01 5.539641638901524612e-01 2.539082797216470899e-01 2.775525166413679301e-01
1.000000000000000000e+00 -9.999999999999999673e+98 2.500519938383432006e-01 1.655443417962465524e-02 7.749598156630703727e-01 4.942248946461500481e-01 7.268845003682844474e-02 7.856664443172045598e-01
1.000000000000000000e+00 -9.999999999999999673e+98 4.012880615760193725e-01 3.051633249091350031e-01 5.407383195559909428e-01 6.946366603870194334e-01 9.871486294042884913e-01 2.150689180673182044e-02
1.000000000000000000e+00 -9.999999999999999673e+98 1.602857237054078343e-01 3.162662473338906377e-01 1.060113483445385141e-01 5.082045913652053493e-01 6.263740454263800883e-01 4.601241497445640594e-02
1.000000000000000000e+00 -9.999999999999999673e+98 4.836245886007856098e-01 3.674844289558277799e-01 7.153067405325526096e-01 9.285557844983455267e-01 6.983523182810482677e-01 7.261084903183774308e-01
1.000000000000000000e+00 -9.999999999999999673e+98 2.355152501025354894e-01 8.878613748951517115e-01 9.341062198169375330e-01 3.318627853520146331e-01 8.108240405937990891e-01 6.633761182098459885e-01
1.000000000000000000e+00 -9.999999999999999673e+98 7.943895079310410168e-01 6.328551291702732007e-01 7.227613705763968888e-01 5.493948194720710276e-02 7.995144068661637071e-01 3.503408694921521516e-01
1.000000000000000000e+00 -9.999999999999999673e+98 4.417115612200970265e-01 7.045336513748661211e-01 5.182867537873867558e-01 9.191771165904567553e-01 3.438715015622171300e-01 4.471110147985630778e-01
1.000000000000000000e+00 -9.999999999999999673e+98 1.843804545778142678e-01 5.190292069815678477e-01 5.605732838569181808e-01 6.316900327238533785e-01 9.785481884998897817e-01 4.663246526820497007e-01
1.000000000000000000e+00 -9.999999999999999673e+98 5.127101573455531414e-01 3.909860103668205689e-01 6.750608644060243080e-01 6.534413040247821769e-02 4.836780967516118857e-01 2.620572896569626220e-01
1.000000000000000000e+00 -9.999999999999999673e+98 1.242568219993291923e-01 9.309458987552403642e-01 1.062629728384231198e-01 1.292571791150507465e-01 7.568410537638206037e-01 2.689126751637995749e-01
1.000000000000000000e+00 -9.999999999999999673e+98 1.842784279587509344e-01 1.856472427442668049e-02 6.200436555846423614e-01 3.093556364575891227e-01 2.188061779161060150e-01 2.938592057356559373e-02
1.000000000000000000e+00 -9.999999999999999673e+98 8.274657846287224450e-01 7.998060772866046886e-01 5.072989323040890675e-01 1.489781664055217503e-01 4.842306170952211941e-01 3.293759064521539770e-01
1.000000000000000000e+00 -9.999999999999999673e+98 2.038530655135918357e-01 1.825304168895622858e-01 9.792104158011213366e-01 9.083379473660035952e-02 7.949013770723779571e-01 2.722445240516200293e-01
1.000000000000000000e+00 -9.999999999999999673e+98 8.412796969796093594e-01 6.397059778667423258e-01 1.848807678805619581e-02 4.455904950720331881e-01 9.929137743569380614e-01 1.484475830024800658e-01
1.000000000000000000e+00 -9.999999999999999673e+98 9.863734960149660447e-01 3.362089421380428655e-01 3.215017997330456012e-01 2.726005030551844621e-01 9.109296193751881265e-02 3.716276811400205382e-01
1.000000000000000000e+00 -9.999999999999999673e+98 6.190152753456057422e-02 4.720053037935125761e-01 1.705639483367752396e-01 9.016801207457070255e-01 4.647203164049967805e-01 3.377899895293537957e-01
1.000000000000000000e+00 -9.999999999999999673e+98 3.595135929946355891e-01 2.601442924990116090e-02 8.657574881260027277e-01 2.179742975106659930e-01 5.697526087573192566e-01 4.135409553569846519e-02
1.000000000000000000e+00 -9.999999999999999673e+98 7.694085071767131634e-02 7.737874357093369460e-01 7.720871477110663461e-01 4.143283847126276731e-01 7.097432913430898882e-01 8.338897902120109284e-01
1.000000000000000000e+00 -9.999999999999999673e+98 3.039042476483801991e-01 7.149844810784983240e-01 9.546784234964282856e-01 6.336481787977913394e-01 8.950374777675690341e-01 6.749132725573294689e-01
1.000000000000000000e+00 -9.999999999999999673e+98 1.799026478343509483e-01 3.692523051862781625e-01 2.329176440192375352e-01 6.549509519850581496e-01 4.680397723900142637e-01 2.178177189291788940e-01
1.000000000000000000e+00 -9.999999999999999673e+98 3.074159836208829599e-01 5.770677416296852158e-01 4.692466351711317429e-01 1.313887668941370324e-01 6.887681030746708455e-01 4.096491256520655710e-01
1.000000000000000000e+00 -9.999999999999999673e+98 6.774503728430346650e-01 7.239427478327792320e-01 4.257332729215409506e-01 9.774072229715078386e-01 2.299422635868397791e-02 9.468035693305342226e-01
1.000000000000000000e+00 -9.999999999999999673e+98 5.693029619465785895e-01 9.482690359714244233e-01 2.531642239855645959e-01 6.755764248464859456e-01 4.675625935300218305e-01 9.301362636582672927e-01
1.000000000000000000e+00 -9.999999999999999673e+98 9.601995268256380278e-02 2.044759490812340097e-01 3.331589540707062813e-01 1.497221056512845205e-01 6.930471747746976829e-01 7.876990400730899955e-01
1.000000000000000000e+00 -9.999999999999999673e+98 4.248555308009357434e-01 9.088701487234940313e-02 7.182556881089006140e-01 6.253161863265436216e-01 2.615512701861228972e-01 2.387268781246763005e-01
1.000000000000000000e+00 -9.999999999999999673e+98 2.923659282647104174e-01 8.989844598598325520e-01 7.020716327970456527e-01 8.826722292412727544e-01 5.795633140969977948e-01 5.486304992819612814e-02
1.000000000000000000e+00 -9.999999999999999673e+98 5.021961481230531321e-01 6.190677641465822667e-01 9.654314006293960304e-01 5.836805805570614014e-01 5.580758381946815394e-02 8.950511704421366677e-01
1.000000000000000000e+00 -9.999999999999999673e+98 4.017661139848176521e-01 2.147205167216074129e-01 5.530865969422064099e-01 8.971851886540305188e-01 7.723257017076878839e-02 5.292281354809723615e-01
1.000000000000000000e+00 -9.999999999999999673e+98 9.904697208673779452e-01 6.858565147611244139e-01 3.718418049231131395e-02 8.193790308345433315e-01 4.954699450427690888e-01 2.571182860063353504e-01
1.000000000000000000e+00 -9.999999999999999673e+98 8.558814851656973977e-01 4.852399032228443820e-01 8.701522439034495848e-01 4.730767779563477271e-01 9.093000672718775101e-01 2.783870223762056062e-01
1.000000000000000000e+00 -9.999999999999999673e+98 1.222530830436896476e-01 1.946173351169370180e-01 1.192606734554731984e-01 4.620511385745008637e-01 6.778468208925592098e-02 5.920105691939677728e-01
1.000000000000000000e+00 -9.999999999999999673e+98 7.768567846044411862e-01 5.851489115765625693e-01 2.762773844646406740e-01 7.115905878576008758e-01 4.065477144780694774e-01 3.209861655679822068e-01
1.000000000000000000e+00 -9.999999999999999673e+98 4.494160266521384228e-01 9.773970131093286939e-01 8.914910989058431046e-01 4.352285355405788314e-01 6.072324008239774473e-01 8.384340609035315639e-01
1.000000000000000000e+00 -9.999999999999999673e+98 1.471286270700103982e-01 6.194654000529274951e-01 7.943140105493372571e-01 2.777375656602181220e-01 1.355872074583699405e-01 4.052894391019291609e-01
1.000000000000000000e+00 -9.999999999999999673e+98 7.576526406289387783e-01 2.088124069964577556e-01 3.627707581730971187e-01 8.235935947630151910e-01 1.363533290854475055e-01 8.347658252414221769e-01
1.000000000000000000e+00 -9.999999999999999673e+98 6.890899986064668026e-01 6.160961646431964978e-01 4.941862569782273784e-01 4.882752549657267682e-01 6.946856654112861795e-01 2.893691932964171931e-01
1.000000000000000000e+00 -9.999999999999999673e+98 6.863817449252426206e-01 1.180230166200924025e-01 9.434560008879988580e-01 6.578265974073810307e-01 1.572218331844732475e-02 1.528030687057563286e-01
1.000000000000000000e+00 -9.999999999999999673e+98 1.052709208725799428e-03 3.462602578514780705e-01 4.952135973629057109e-02 5.286254632376645723e-01 1.645759279916231277e-01 3.351027348805543093e-01
1.000000000000000000e+00 -9.999999999999999673e+98 2.838982828182070595e-01 4.534416327065730057e-01 3.007760745430255733e-01 6.216751698937772463e-01 9.348195052449949083e-01 7.989088287321405302e-01
1.000000000000000000e+00 -9.999999999999999673e+98 3.861330803114046972e-01 7.459513124904465498e-01 7.116849324125884557e-01 3.638795079998243809e-01 3.714288676090177210e-01 4.354034174540868385e-01
1.000000000000000000e+00 -9.999999999999999673e+98 6.963853895751825895e-02 7.663354743513725031e-01 1.951900158242024785e-01 8.258032195740153680e-01 2.730671678991899443e-01 6.843475975984553150e-01
1.000000000000000000e+00 -9.999999999999999673e+98 5.609079128356989630e-01 8.030426450967811380e-01 1.898470262081497495e-01 9.603037814854192833e-01 1.087197726651334406e-03 8.106655637049161589e-01
1.000000000000000000e+00 -9.999999999999999673e+98 4.343541144846022606e-01 1.568881095514867985e-01 3.557617146395150032e-01 5.845000093149310683e-01 7.845155285636028486e-01 1.368812009194813051e-01
1.000000000000000000e+00 -9.999999999999999673e+98 9.813608684040233676e-01 9.703434275629989614e-01 6.620075441245053538e-01 1.736643453753906607e-01 2.540977337713101747e-01 7.159611320456058525e-01
1.000000000000000000e+00 -9.999999999999999673e+98 5.507222219917726758e-01 8.527275134334519890e-01 8.771541668303143302e-01 3.543274688038234865e-01 9.161934964000176818e-01 5.683466012788159771e-01
1.000000000000000000e+00 -9.999999999999999673e+98 2.286661711819504283e-01 8.482721023368430258e-01 1.113795099122805166e-02 7.321728285021250615e-01 4.879507841228412079e-01 3.133341808912482040e-01
1.000000000000000000e+00 -9.999999999999999673e+98 5.101053089621153669e-01 2.197686298539283101e-01 1.039854225921990061e-01 2.391187596575099494e-01 7.603805609628943030e-01 8.260775914006960319e-01
1.000000000000000000e+00 -9.999999999999999673e+98 8.584233839373411890e-02 3.379313278383150321e-01 9.581454442707068031e-01 2.192008428845375612e-01 5.908062663032395134e-01 7.144961424356384150e-01
1.000000000000000000e+00 -9.999999999999999673e+98 1.345278661512081531e-01 8.507024392436327576e-01 1.349255221561556084e-01 9.797550878359062576e-02 5.367187592959692388e-01 7.531247192726123751e-01
1.000000000000000000e+00 -9.999999999999999673e+98 8.119540795753101836e-01 7.612101355226587041e-01 4.048959102743719951e-01 1.994639786813715565e-01 3.697463127810540762e-02 2.686603456603098294e-03
1.000000000000000000e+00 -9.999999999999999673e+98 2.315467328571557681e-01 7.323943404796384726e-01 9.951274895378683372e-01 4.111816056993097268e-01 9.323544455969450251e-01 9.664358698552043547e-01
1.000000000000000000e+00 -9.999999999999999673e+98 3.013611778291416243e-01 3.039836062445178122e-03 9.404549046557809655e-01 6.176037991167026009e-01 1.475223409816991404e-01 9.662798500254143885e-01
1.000000000000000000e+00 -9.999999999999999673e+98 7.054963468596172627e-01 7.787422589607750911e-02 4.147426595277693417e-01 6.288186046944033158e-02 7.744135142778354464e-01 2.777822921822656888e-01
1.000000000000000000e+00 -9.999999999999999673e+98 6.554901045107250912e-01 3.463420081685757435e-01 1.926280206269367357e-01 4.039640419140422267e-01 7.618908296229198740e-01 1.187795936330308111e-01
1.000000000000000000e+00 -9.999999999999999673e+98 5.906360695410387551e-01 6.441412754580128075e-01 9.364434373635032172e-01 8.939511073332551128e-01 8.438278242764807313e-01 1.075038167991724247e-01
1.000000000000000000e+00 -9.999999999999999673e+98 7.499714096168549338e-01 2.579509783179672056e-01 6.397760922900738167e-01 2.193979241613620568e-01 8.654853681827123779e-01 2.352361295218126092e-01
1.000000000000000000e+00 -9.999999999999999673e+98 5.324217301270923741e-01 3.099736221340083642e-01 1.651951266473716817e-02 9.066209777030389549e-01 6.585157355403912227e-01 7.522068626985826123e-01
1.000000000000000000e+00 -9.999999999999999673e+98 5.050638674521024107e-01 1.659672090594951355e-01 8.806934215329530469e-01 9.022053852321457734e-01 4.998489989855779969e-01 5.578574418266573076e-01
1.000000000000000000e+00 -9.999999999999999673e+98 9.021014509724792907e-01 1.247321116125568174e-01 9.500941245109717492e-01 8.803813465681284978e-01 1.351508366792271154e-01 8.522838070029216118e-01
1.000000000000000000e+00 -9.999999999999999673e+98 4.376668994816664826e-01 2.101497768275993883e-01 8.932328085056771005e-01 7.053755251649247437e-01 6.608238734909438472e-01 8.979992739895504839e-01
1.000000000000000000e+00 -9.999999999999999673e+98 1.503844539070438024e-01 6.162402503386463781e-01 2.924386501026079443e-01 5.877564038664635504e-01 1.727202589496908969e-01 9.582994567029676780e-01
1.000000000000000000e+00 -9.999999999999999673e+98 3.094424191422950887e-02 4.262855338996824894e-01 2.436125588123784214e-01 9.510279898916468300e-01 2.348935256636167646e-01 6.166076037951253586e-01
1.000000000000000000e+00 -9.999999999999999673e+98 6.460212452846442188e-01 7.223237372050222982e-01 9.981011346794764760e-01 4.484670925606577541e-01 2.765572992052652834e-01 4.516771302160583756e-01
1.000000000000000000e+00 -9.999999999999999673e+98 2.934811047442381637e-01 3.550221074256816323e-01 4.791741446751098810e-01 7.322256698665674524e-02 3.554886558793471929e-01 8.890178905139253240e-01
1.000000000000000000e+00 -9.999999999999999673e+98 5.243043838661579636e-01 4.190087762733621934e-01 6.954726950078267134e-01 7.714076122973737570e-01 6.647281858128673004e-01 2.508204499193130710e-01
1.000000000000000000e+00 -9.999999999999999673e+98 3.320572397902321615e-02 8.941611927263627413e-01 7.461042877820779351e-01 5.669545557866413343e-01 6.495182690689104144e-01 8.817144537258124748e-01
1.000000000000000000e+00 -9.999999999999999673e+98 8.794133391471614658e-03 2.961801412874984774e-01 5.099386751624925829e-01 1.671396816686284703e-01 3.915065022035491005e-01 1.146360266233016345e-01
1.000000000000000000e+00 -9.999999999999999673e+98 4.857473653207620146e-01 9.517900297763249862e-01 3.331540451979396744e-01 2.190780465844788250e-01 7.049633015032311656e-01 4.486872207816509084e-01
1.000000000000000000e+00 -9.999999999999999673e+98 1.231232333654148636e-01 3.179759157052581831e-01 1.383411806204566386e-01 3.832122454380519905e-01 3.783105255537093647e-01 7.826469868788583639e-01
1.000000000000000000e+00 -9.999999999999999673e+98 9.547023709050140861e-01 9.497549857862730427e-01 7.160023436034301803e-01 8.564061042409655267e-01 8.004816741925738777e-01 9.521612377839897556e-01
1.000000000000000000e+00 -9.999999999999999673e+98 9.044901710625040669e-01 7.119796116923873264e-01 1.538274432548265569e-01 7.637343882401489426e-01 2.369771849483160997e-01 4.500793583084079508e-01
1.000000000000000000e+00 -9.999999999999999673e+98 5.737411963840445273e-01 8.130940070748203796e-01 7.840552521006731723e-01 8.793514893015126344e-01 6.730723303920320699e-01 8.774370445032635413e-01
1.000000000000000000e+00 -9.999999999999999673e+98 9.056295766857177520e-01 4.315419697053929360e-01 3.604766747277121652e-02 8.610640904720112676e-01 2.094919823893730548e-01 3.967844579329508070e-01
1.000000000000000000e+00 -9.999999999999999673e+98 9.281549901985535200e-01 7.027987345699504562e-01 9.381890701985879932e-01 4.663787995624899541e-01 6.132445193833019337e-01 5.039356740451192973e-01
1.000000000000000000e+00 -9.999999999999999673e+98 3.628762723742714469e-01 8.349787604481884173e-01 3.728389598639817448e-01 7.902023793008123853e-01 6.473124757479800095e-01 8.844125216415058555e-01
1.000000000000000000e+00 -9.999999999999999673e+98 3.599555567278784896e-01 4.757946150951209985e-01 1.687295013721524795e-01 5.376089057705831786e-01 4.152665030357015619e-01 8.308810047447527936e-01
1.000000000000000000e+00 -9.999999999999999673e+98 1.085623761366603102e-01 9.792302475087312219e-01 1.521602954218914672e-01 4.140771115560638593e-01 5.296864362845320473e-01 3.440994775631947000e-01
1.000000000000000000e+00 -9.999999999999999673e+98 7.523744278350708026e-01 1.824128370838347113e-01 1.660666614353731863e-01 2.735553113994435570e-01 8.805310544165212416e-01 8.302822313972534340e-01
1.000000000000000000e+00 -9.999999999999999673e+98 4.624882893839394882e-01 8.221969158072084394e-02 9.041347497615457307e-01 5.918749427233459537e-01 8.626663493282737960e-01 3.829522721604102786e-01
1.000000000000000000e+00 -9.999999999999999673e+98 2.534638255006644858e-01 3.038003219427346524e-01 4.512636749334294484e-01 3.711190270598798691e-01 8.812904830916469257e-01 1.794363983570703702e-01
1.000000000000000000e+00 -9.999999999999999673e+98 9.796955177443192886e-01 8.277775027142537656e-01 4.708896780085927158e-01 3.887684443171688375e-01 5.250521245768678957e-01 8.308242748378247278e-01
1.000000000000000000e+00 -9.999999999999999673e+98 4.439059942367526990e-01 9.299472303639325643e-01 2.939421583995485143e-01 1.460152844650876025e-01 7.758667725924881520e-01 8.034580706040471698e-01
1.000000000000000000e+00 -9.999999999999999673e+98 9.974593550016179755e-01 5.098525031102767446e-01 1.843189572304997359e-01 1.513992645897433986e-01 1.623563636448408509e-01 3.430768639076867688e-01
1.000000000000000000e+00 -9.999999999999999673e+98 8.274667540033610047e-01 4.772293894069512543e-02 2.764848855713353259e-02 2.019333658168764867e-02 6.012657399056792196e-01 1.821269872805242329e-01
1.000000000000000000e+00 -9.999999999999999673e+98 1.931341080285210454e-01 5.702325037026279020e-02 8.907450660449833801e-02 5.132578012687154523e-01 4.006927003051620195e-01 8.157951659374226283e-01
1.000000000000000000e+00 -9.999999999999999673e+98 7.307138887658300996e-01 6.565397534402683810e-02 7.252537162866544707e-01 1.404457590991325944e-01 9.928646185376466260e-01 2.322178561760257498e-01
1.000000000000000000e+00 -9.999999999999999673e+98 2.322979662874977702e-01 2.154542047455731968e-02 8.561347549447915206e-01 7.834346932938396346e-02 1.036845158930536082e-01 7.876640236885856794e-01
1.000000000000000000e+00 -9.999999999999999673e+98 1.617780490193515552e-01 5.818669349490791509e-01 4.142391438756485300e-01 5.954999486963371558e-01 2.489514921594621066e-01 8.851770701454290124e-01
1.000000000000000000e+00 -9.999999999999999673e+98 7.180975030144721716e-01 7.804422881610325602e-01 1.293270539887222403e-01 9.161250091827758402e-01 8.761343424166074811e-01 6.216492998195735087e-01
1.000000000000000000e+00 -9.999999999999999673e+98 9.647817369326815440e-01 3.170973170665559726e-01 4.975642316303559021e-01 7.284602365110892652e-02 7.767592525971619422e-01 7.326839068676354039e-01
1.000000000000000000e+00 -9.999999999999999673e+98 3.688950863810077641e-01 1.212485689946086742e-01 8.053619300365622014e-01 1.949354295194553055e-01 1.555026767370919494e-01 4.874766401374591718e-01
1.000000000000000000e+00 -9.999999999999999673e+98 2.653408116330386868e-01 3.151953931768717299e-01 1.835272705934452020e-01 9.479999576645804504e-01 6.838635421444257956e-01 2.265003698840473145e-01
1.000000000000000000e+00 -9.999999999999999673e+98 3.036300298522189856e-01 6.001617362761546559e-02 4.842531862084014094e-01 4.848193353468502886e-01 9.878884100236903221e-01 9.062193708742805054e-02
1.000000000000000000e+00 -9.999999999999999673e+98 2.408127237398747233e-01 4.090876654729009854e-01 3.156047882389932946e-01 9.049152944310384639e-01 2.092003118957810326e-01 6.776349852246283945e-01
1.000000000000000000e+00 -9.999999999999999673e+98 6.393451638822548189e-01 7.595751188369150864e-01 5.535920845270310142e-01 9.132949739926318200e-01 1.280847245846790106e-01 2.982098271958275593e-01
1.000000000000000000e+00 -9.999999999999999673e+98 3.225854157663440303e-01 1.437726020215942535e-01 1.456155617602463703e-01 3.764472661575947177e-01 5.582087661264478751e-02 8.112174309529113225e-01
1.000000000000000000e+00 -9.999999999999999673e+98 9.374317140619931044e-01 5.721805003674910184e-01 2.385813518918771248e-01 9.186038801682702148e-01 9.091333649285678886e-01 5.401607629337386030e-01
1.000000000000000000e+00 -9.999999999999999673e+98 4.298753428772148499e-01 6.218853021439507689e-02 5.695151254416884745e-01 1.903793518093086501e-01 4.404347717909466997e-01 7.270832797770065969e-02
1.000000000000000000e+00 -9.999999999999999673e+98 6.418639807446809842e-01 3.207318597459526410e-01 5.320250424545166501e-01 8.314721348154151537e-01 2.953663202894908357e-01 5.313778460942601978e-01
1.000000000000000000e+00 -9.999999999999999673e+98 5.039203882428208159e-01 9.809833498625571968e-01 2.712509220949894662e-01 2.840271744237122808e-01 3.014512969163241074e-01 6.149064293130860337e-01
1.000000000000000000e+00 -9.999999999999999673e+98 8.041056585028555359e-01 9.507597647425494181e-01 2.528384200431882389e-01 5.919738534738376856e-01 1.535528478617379511e-01 3.078222697577267519e-01
1.000000000000000000e+00 -9.999999999999999673e+98 2.806201782525498123e-01 4.458680950733049375e-01 4.657682337530655303e-02 4.311859285343360160e-01 2.672193340156931995e-01 1.569020617782863614e-01
1.000000000000000000e+00 -9.999999999999999673e+98 3.615333485327396623e-01 4.545368627676454887e-01 1.092864128780871580e-01 5.444531718199877579e-01 5.210367476058821445e-01 8.160313570348236567e-01
1.000000000000000000e+00 -9.999999999999999673e+98 9.108816911975804453e-01 6.623568375232630201e-01 9.226740908506153582e-01 8.380359389404187231e-01 7.931577634854865000e-01 5.526694452465509277e-01
1.000000000000000000e+00 -9.999999999999999673e+98 2.239887548132046824e-01 3.209384603231942856e-01 3.945269259100425696e-02 6.753172196843967301e-01 7.022774621218721425e-01 5.018188683016110430e-01
1.000000000000000000e+00 -9.999999999999999673e+98 5.830155728064099208e-01 1.513372596771977996e-04 6.283750960229206317e-02 2.676983967747732507e-01 4.194628546559748816e-01 4.044429349223588321e-02
1.000000000000000000e+00 -9.999999999999999673e+98 7.510071950161734122e-03 4.090786781088135982e-01 7.403332113279030846e-01 9.148715815181613920e-01 5.191582234217833047e-01 3.332531411800460086e-01
1.000000000000000000e+00 -9.999999999999999673e+98 8.887249370939981352e-01 6.525897992893494592e-01 3.815950147792531721e-01 1.789722708187877487e-01 3.280133443309262153e-01 1.017678059765351195e-01
1.000000000000000000e+00 -9.999999999999999673e+98 1.609068778521549614e-02 7.497525932627002732e-02 9.335212689350522730e-01 6.220919129383808421e-01 9.905588810125320887e-02 7.623438717082868799e-01
1.000000000000000000e+00 -9.999999999999999673e+98 1.699255505447925252e-01 5.461383995839282912e-01 5.587883676991269866e-01 6.788869806968592657e-01 7.457260418674738212e-02 9.882744346624607878e-01
1.000000000000000000e+00 -9.999999999999999673e+98 6.577398970784518184e-01 3.966444831191936471e-01 9.246545145065732108e-01 7.154390962267553888e-01 8.059107704307046927e-01 7.301897358844788855e-03
1.000000000000000000e+00 -9.999999999999999673e+98 2.888591665362901795e-01 2.530048621168220491e-01 9.471531593120887660e-01 5.056204803176285179e-01 5.937532840687863578e-01 7.193929629654992608e-01
1.000000000000000000e+00 -9.999999999999999673e+98 9.723893176136687577e-01 5.917405331499373533e-01 4.599152173954608180e-01 6.943342998007595579e-02 6.058439145799621173e-04 5.080825382136083812e-01
1.000000000000000000e+00 -9.999999999999999673e+98 9.172986572776455905e-01 4.430290553574319778e-01 7.101646748617657101e-01 3.732290758457647017e-01 1.952163673830835666e-01 6.875910816932125913e-01
1.000000000000000000e+00 -9.999999999999999673e+98 6.335588749193182823e-01 9.421463153348308417e-01 4.128078949109017515e-01 6.819635694236695356e-01 5.964847650173440430e-01 8.261053948462210306e-01
1.000000000000000000e+00 -9.999999999999999673e+98 5.044232316486033652e-01 4.243286580142263675e-01 2.239204307624320656e-02 2.697782234229182396e-01 7.420051266172816851e-01 3.432407229105529645e-01
1.000000000000000000e+00 -9.999999999999999673e+98 5.568808236377612575e-01 3.503512015692087367e-01 1.590022275340360336e-01 3.450844341799200743e-01 3.346680308336362764e-01 5.154120851894727906e-02
1.000000000000000000e+00 -9.999999999999999673e+98 3.084101287271734382e-01 1.243319776347185934e-01 3.175540987187817077e-01 6.048425895320509449e-01 7.770126258830059029e-01 1.285299253507138362e-01
1.000000000000000000e+00 -9.999999999999999673e+98 6.727725264985663367e-01 2.833298268903278183e-01 6.528884695126103699e-01 9.946055146310905926e-01 1.593998329547217097e-01 7.087026494052293124e-01
1.000000000000000000e+00 -9.999999999999999673e+98 3.444208837546868240e-01 2.719595082906212102e-02 1.804035280285229970e-01 2.735747794682618084e-01 7.141522693306390224e-01 3.399826301900683578e-01
1.000000000000000000e+00 -9.999999999999999673e+98 7.202115432892262081e-01 5.272735470221967535e-01 5.342168683697574583e-01 2.208255551359394886e-02 1.143068513702104605e-01 2.204001597518476796e-01
1.000000000000000000e+00 -9.999999999999999673e+98 7.279097733800116155e-01 7.912520935569695713e-01 3.448892957186232566e-01 1.858333910828942059e-01 4.802304814940233646e-01 9.402264524259595913e-01
1.000000000000000000e+00 -9.999999999999999673e+98 2.955402266159327107e-01 1.541136791330137701e-01 6.806813499014663371e-01 5.157008666778730710e-01 4.098238912156537683e-02 9.446986061045965499e-01
1.000000000000000000e+00 -9.999999999999999673e+98 7.082319515633528351e-02 5.348770875258002100e-02 6.672953732861800491e-01 9.954822065649944207e-01 3.327993868774955510e-01 8.797092776012305215e-02
1.000000000000000000e+00 -9.999999999999999673e+98 7.953729615043564349e-01 6.849604636127337720e-01 7.316552799898983217e-01 3.233238548693688763e-01 3.723338857122318046e-01 9.217177161255342144e-01
1.000000000000000000e+00 -9.999999999999999673e+98 6.576221601235496816e-01 1.067832789841327568e-01 3.042236213425774105e-01 8.040713373775709716e-01 4.464292581140741900e-01 7.216912335164809011e-01
1.000000000000000000e+00 -9.999999999999999673e+98 6.198065144558739803e-01 1.317534796645338790e-01 2.795138158304953935e-01 8.536123906786073912e-01 9.433852431424967211e-01 2.611490559962906799e-01
1.000000000000000000e+00 -9.999999999999999673e+98 4.723274809556586851e-01 6.075644520605859578e-01 2.834331186324787755e-01 4.118788749190831489e-01 8.537959085167580175e-01 2.624306692722913059e-01
1.000000000000000000e+00 -9.999999999999999673e+98 4.806467226394035563e-01 1.504432270867780419e-01 6.119127742729639774e-01 3.572780444288823354e-01 8.823540517417326479e-01 5.255666582923280705e-01
1.000000000000000000e+00 -9.999999999999999673e+98 3.573081359562800818e-01 2.398732117229231964e-01 7.134590837194511037e-01 7.201564124993258265e-01 8.480169337721578104e-01 3.603190994948881620e-01
1.000000000000000000e+00 -9.999999999999999673e+98 9.951288238268929387e-02 7.295763142409515956e-01 9.541693928159477034e-01 5.769593179417373818e-01 7.854588592940290326e-01 5.605205829578240317e-01
1.000000000000000000e+00 -9.999999999999999673e+98 8.397744341644125532e-01 2.681948517288210709e-01 9.646295312591968152e-01 5.880185049682473686e-01 8.394006270994390784e-01 8.620270036263912861e-01
1.000000000000000000e+00 -9.999999999999999673e+98 6.669390008565435624e-01 6.088762843106578782e-01 9.874127014449992634e-01 9.962081481885809442e-02 9.763563394862104783e-01 1.336273928579976289e-01
1.000000000000000000e+00 -9.999999999999999673e+98 4.214274992316313639e-01 5.483387977355472787e-01 6.166535106115853537e-01 8.733068893000009991e-01 7.295668141754331204e-01 1.751871752749692979e-01
1.000000000000000000e+00 -9.999999999999999673e+98 8.164717210554539584e-02 8.601752348653211033e-01 1.659864991973546422e-01 4.039880395968431515e-01 4.093136759073727760e-01 7.319895643231456583e-01
1.000000000000000000e+00 -9.999999999999999673e+98 2.182576248843415279e-02 9.788131367786007120e-01 8.602702101115772271e-01 2.907204977084311137e-01 8.112355636273790305e-01 1.084010613632035991e-02
1.000000000000000000e+00 -9.999999999999999673e+98 6.441826932928633731e-01 8.726993759692756036e-01 4.335894589921324149e-01 4.378924020743313328e-02 3.176687713866057639e-01 9.922587234657119781e-01
1.000000000000000000e+00 -9.999999999999999673e+98 9.933225009944113282e-01 7.993400210680532414e-01 6.164984064014900067e-01 2.164054026350440418e-01 1.447130195699015687e-01 3.461962223829462282e-02
1.000000000000000000e+00 -9.999999999999999673e+98 6.153035543096551097e-01 8.861139465900993439e-01 2.878706076690046300e-01 8.329513211818337926e-01 2.099484610407327256e-01 2.573420587555470540e-01
1.000000000000000000e+00 -9.999999999999999673e+98 4.477956952404020807e-01 2.932479092329383086e-01 2.453973737269857791e-01 3.430607155182845425e-01 9.819566874229354037e-01 1.219983702147321436e-01
1.000000000000000000e+00 -9.999999999999999673e+98 2.310930476808725764e-01 1.410225020267175111e-02 4.964522861755816807e-01 8.141318196738908108e-01 8.642653076945014945e-01 9.077633765760325657e-01
1.000000000000000000e+00 -9.999999999999999673e+98 4.541351062481023826e-01 1.364696398373312913e-01 6.575425916203713195e-01 3.548504619943645411e-01 2.632878717411509806e-01 2.204854066273856938e-01
1.000000000000000000e+00 -9.999999999999999673e+98 7.989820305835394487e-01 8.002449356406426961e-01 7.693870799703474983e-01 6.637000286374407088e-01 6.865309527952820901e-01 4.336755332411680319e-01
1.000000000000000000e+00 -9.999999999999999673e+98 3.647922209313874120e-01 3.119618899611957819e-01 5.471776705281489184e-01 3.003320171793490978e-01 9.868943782938618403e-01 6.377207226179087973e-01
1.000000000000000000e+00 -9.999999999999999673e+98 1.209910590288314491e-01 5.560923464927797211e-01 8.542792957138778398e-03 2.292675618855368747e-01 6.875935369526291474e-01 7.080666677971578782e-01
1.000000000000000000e+00 -9.999999999999999673e+98 5.810614706096994819e-02 8.475262379817913860e-01 2.797767906455557174e-01 6.425484406274509785e-01 4.796833427762385860e-01 1.500578542832190498e-01
1.000000000000000000e+00 -9.999999999999999673e+98 5.398914214613457219e-01 1.540493267441236380e-01 3.604457892067050029e-01 5.591561981134984816e-02 2.786977689823222359e-01 9.570478181437548360e-01
1.000000000000000000e+00 -9.999999999999999673e+98 4.502620504165771864e-01 9.071317463952971449e-01 6.534471358521933837e-01 6.217602096675473033e-01 8.269094697828938134e-01 2.586451695826851305e-01
1.000000000000000000e+00 -9.999999999999999673e+98 9.386948987534035060e-01 2.994273653355487008e-01 6.451089991289244985e-01 3.483267193745344104e-01 9.681162408126712249e-01 9.121955121822318269e-01
1.000000000000000000e+00 -9.999999999999999673e+98 5.388761937041330885e-01 2.817409472418499483e-01 4.755832258521741629e-01 3.001422106806013179e-01 5.589111514173528139e-02 4.397058008162291198e-02
1.000000000000000000e+00 -9.999999999999999673e+98 6.096762220589319048e-01 3.688230305788396945e-01 7.868302157548627829e-01 4.788876495625407070e-01 7.728234517228388389e-01 6.309541943356116178e-01
1.000000000000000000e+00 -9.999999999999999673e+98 8.141534630025133445e-01 1.468875391664619112e-01 7.343474211988932909e-01 8.107277255809997030e-01 7.810318946817501606e-01 3.480157375955574839e-01
1.000000000000000000e+00 -9.999999999999999673e+98 4.731990905653377100e-01 9.218554283180812048e-01 4.843024091622762928e-01 7.500792842572049368e-01 3.193201150925412124e-01 2.411088030651916680e-01
1.000000000000000000e+00 -9.999999999999999673e+98 4.853431706875421803e-02 6.850255825752737948e-01 2.848015605398901418e-02 6.435639584716826844e-01 2.580801106799480715e-01 2.159303969546058077e-01
1.000000000000000000e+00 -9.999999999999999673e+98 1.817251176208763974e-01 1.677242429168678273e-01 8.614780721443524580e-01 3.167785142138768162e-01 4.554758582272726564e-01 9.405255035522002149e-01
1.000000000000000000e+00 -9.999999999999999673e+98 9.807560708819268447e-01 4.422430678699914575e-01 3.848009248208409394e-01 9.902427281307579765e-01 2.186562239507054972e-01 9.316684612807283328e-01
1.000000000000000000e+00 -9.999999999999999673e+98 3.535533729941061631e-01 8.095798363381412344e-01 1.711433995539844988e-01 2.333999514504322415e-01 4.281480305970739586e-01 7.332690052882891996e-01
1.000000000000000000e+00 -9.999999999999999673e+98 7.601222386000219267e-01 6.711748599819845618e-01 1.627905942926525240e-01 1.203475093987977917e-01 2.835588636418839847e-01 2.672965143242898023e-01
1.000000000000000000e+00 -9.999999999999999673e+98 3.254091922292964290e-01 2.953327417708415670e-01 9.162478987039431866e-01 5.770953982675336436e-01 9.442839067889636784e-01 3.666931214234014913e-02
1.000000000000000000e+00 -9.999999999999999673e+98 7.806205661304964627e-01 6.334384254649828572e-01 7.542516273473227617e-01 3.840322017228817719e-01 8.852598991310675069e-01 4.166377367223705885e-02
1.000000000000000000e+00 -9.999999999999999673e+98 5.287367239641009853e-01 2.650439458447897412e-01 3.677372512324131870e-01 8.707262285003068980e-01 7.455595896562350333e-02 5.729011593000825631e-01
1.000000000000000000e+00 -9.999999999999999673e+98 4.627567491498298935e-01 8.522534276966149402e-01 9.855477379335260135e-01 6.436378945659364526e-01 3.433895752503542953e-01 5.139162162876165230e-01
1.000000000000000000e+00 -9.999999999999999673e+98 3.085422611782009383e-01 7.163818129239007959e-01 5.529727111436752995e-01 9.985531671665923703e-01 3.213546346500314455e-01 5.184177085619939840e-01
1.000000000000000000e+00 -9.999999999999999673e+98 4.800070411819079563e-01 6.378671012382551853e-01 8.570073806214060230e-01 1.477321132927502667e-01 6.804822158967814838e-01 3.296884923361120823e-01
1.000000000000000000e+00 -9.999999999999999673e+98 6.108714190288669910e-01 2.250467132675664228e-01 9.308559149181483416e-02 3.491518180374524327e-01 7.816698456702827480e-01 3.383344796952891809e-02
1.000000000000000000e+00 -9.999999999999999673e+98 2.057790675845720951e-01 7.579038451624425798e-01 8.624371075180485846e-01 9.766791971356836299e-01 4.295403603304980278e-01 8.475832501371576289e-01
1.000000000000000000e+00 -9.999999999999999673e+98 5.192988545783786547e-01 3.799528913063140445e-01 2.862617132939847542e-01 6.726135635577094041e-01 4.180784371999705096e-01 1.728204105037273175e-01
1.000000000000000000e+00 -9.999999999999999673e+98 8.619885631530788128e-01 4.201157982089334109e-01 8.710192782258575628e-01 3.917740373508181717e-01 4.829169446172479896e-01 8.073751537389362021e-01
1.000000000000000000e+00 -9.999999999999999673e+98 6.740996452835061881e-01 5.480823585987590896e-01 9.495223847753293533e-01 7.427926409176915934e-01 4.798103456369661179e-01 2.610297170578544934e-01
1.000000000000000000e+00 -9.999999999999999673e+98 4.357841068975060184e-01 1.122733168938820913e-01 9.640052056078266540e-01 3.565164528986998205e-01 5.437025761974285665e-01 7.682038450203602098e-01
1.000000000000000000e+00 -9.999999999999999673e+98 2.560531992044180472e-01 3.972435149879338656e-02 1.029370547198817931e-01 5.766574446057809444e-01 5.170394321282077987e-01 6.436334626966756511e-01
1.000000000000000000e+00 -9.999999999999999673e+98 5.658282737459560119e-01 1.835227934162845242e-01 4.593911624616181522e-01 5.399429552538757004e-01 1.167849586577688337e-01 8.090473734354696189e-01
1.000000000000000000e+00 -9.999999999999999673e+98 9.764905768392856400e-01 4.987382441718450909e-01 8.657249584487221039e-01 5.951688368898699899e-02 7.049876066578638634e-01 5.975017788604420899e-01
1.000000000000000000e+00 -9.999999999999999673e+98 5.149420417803958205e-01 6.603893837316943127e-01 4.525176736916043385e-01 5.328207576232112386e-01 4.282358176917290260e-01 4.476618709751720715e-01
1.000000000000000000e+00 -9.999999999999999673e+98 7.711134918369642044e-01 9.460725977119952557e-01 2.929308439931613828e-01 3.751658114863148930e-01 2.318126112791144555e-01 1.350851610257119972e-01
1.000000000000000000e+00 -9.999999999999999673e+98 5.607183451412038888e-01 3.203969546177879435e-01 3.062909491683807328e-01 2.078126099539946425e-01 5.224129910217526485e-01 2.115840965026396514e-01
1.000000000000000000e+00 -9.999999999999999673e+98 2.865376030633806081e-01 8.117721606307329862e-01 4.594194632574788439e-02 8.632525958258381316e-01 7.251275807237680393e-01 8.271392818796383661e-01
1.000000000000000000e+00 -9.999999999999999673e+98 5.086912176938351848e-01 6.628074579529708021e-02 2.003351287745652742e-01 8.934630116052445503e-01 2.851253045041388656e-01 4.864917042916282464e-01
1.000000000000000000e+00 -9.999999999999999673e+98 6.872446076585811969e-01 6.518899509355133848e-01 5.487529405210873623e-01 9.729099317325069496e-01 2.749167559022444030e-01 1.993825524610113309e-01
1.000000000000000000e+00 -9.999999999999999673e+98 1.036125548117348139e-01 6.603661204867921075e-01 5.516843652159020284e-02 7.949922272303867610e-01 8.755484790711124399e-01 7.896686617203391156e-01
1.000000000000000000e+00 -9.999999999999999673e+98 9.545323087987054311e-01 6.417884672825151515e-01 1.023856670298176619e-01 1.607388241550675723e-01 3.762576585580525990e-01 8.347946207043899225e-01
1.000000000000000000e+00 -9.999999999999999673e+98 8.876677278936189186e-01 6.211933300215563003e-01 2.399707474090029269e-01 8.189027484376957267e-01 1.565027401232994553e-01 2.699456552275034671e-01
1.000000000000000000e+00 -9.999999999999999673e+98 1.430499452997913146e-02 1.641517130446226158e-01 9.373815720498834825e-01 3.611954107420434212e-03 7.818343175636045528e-01 5.314214201204564558e-01
1.000000000000000000e+00 -9.999999999999999673e+98 7.070712521795167183e-01 2.590245744631907154e-01 8.818344555645728500e-01 9.700184658650133906e-01 8.923933301000057661e-01 8.285388458537265022e-01
1.000000000000000000e+00 -9.999999999999999673e+98 5.020824802172001444e-01 4.438801400145294673e-01 7.904032291406803967e-02 6.883803363170095668e-01 8.228788446763116715e-01 5.958367377995189562e-01
1.000000000000000000e+00 -9.999999999999999673e+98 7.069746513188700510e-01 5.162658406540260314e-01 2.014021537188029898e-01 9.121147439574976978e-01 8.979822457585384665e-02 9.490972667699325571e-01
1.000000000000000000e+00 -9.999999999999999673e+98 9.642673281317615253e-02 9.362057959701006737e-01 6.800883543195567205e-01 6.964061535211925058e-01 9.632789175729872255e-02 6.077111876503307197e-01
1.000000000000000000e+00 -9.999999999999999673e+98 1.778302948070015210e-01 8.523867194012997306e-01 3.756302597016492051e-01 1.889078641518022739e-01 8.631006831615416486e-01 8.927225926643955756e-02
1.000000000000000000e+00 -9.999999999999999673e+98 7.773027169840056594e-01 6.545504002684028322e-01 9.690310034396959482e-01 8.729233761586264739e-01 9.729135999302717108e-01 2.243486868713686633e-01
1.000000000000000000e+00 -9.999999999999999673e+98 4.975627511606797171e-01 3.943915565459004124e-01 9.039777699727820082e-01 7.494837281050803490e-01 4.190543275436314774e-01 6.850329381929669559e-01
1.000000000000000000e+00 -9.999999999999999673e+98 6.858213646622833837e-01 3.425066887782387548e-01 6.023100758437885949e-01 9.652191994126019248e-01 8.080360597130435973e-01 8.728638498187910599e-01
1.000000000000000000e+00 -9.999999999999999673e+98 8.165137909794780713e-01 7.413552675577032014e-01 2.821047275715492519e-01 7.070413425979575894e-01 4.618073898324778215e-01 4.256876957652784288e-01
1.000000000000000000e+00 -9.999999999999999673e+98 5.363433961004512307e-01 7.501472958656852930e-01 2.983787240920554584e-02 9.566332727254205359e-01 4.866901612835562441e-01 1.562741408031063095e-01
1.000000000000000000e+00 -9.999999999999999673e+98 6.196549963562830721e-01 3.541770593285633595e-01 8.229001651380096760e-02 4.994085745898357853e-02 9.926314189679478206e-01 1.448684593926465869e-01
1.000000000000000000e+00 -9.999999999999999673e+98 1.035532027918362186e-01 9.542118445810505722e-01 7.986165727483286458e-01 2.408841929781556646e-01 4.996745684568940638e-01 8.875513962801774293e-01
1.000000000000000000e+00 -9.999999999999999673e+98 2.174431845114160877e-01 6.357570088097377337e-01 7.406871957041113452e-01 8.401033070902057531e-01 8.884824496065590882e-01 5.206651586312239788e-01
1.000000000000000000e+00 -9.999999999999999673e+98 3.523940039637820654e-01 3.479631561807672302e-01 9.644946536440197615e-01 3.390866090974771208e-01 7.660470915961334892e-01 5.526627070130706310e-01
1.000000000000000000e+00 -9.999999999999999673e+98 8.542196105462122047e-01 3.101739213069982792e-01 8.963582798091118686e-02 3.845718681926694194e-01 3.248248542036646924e-01 3.340591860404277247e-01
1.000000000000000000e+00 -9.999999999999999673e+98 6.532890656676850760e-01 2.811448817328547900e-01 7.356921395284913290e-01 4.271904681056859499e-01 7.821425119647109625e-01 4.042941712092055218e-01
1.000000000000000000e+00 -9.999999999999999673e+98 2.200848204645883266e-01 5.602896058062256657e-02 3.127123082709482027e-02 4.644730494207617300e-01 9.687190865595326494e-01 2.388950217897090056e-02
1.000000000000000000e+00 -9.999999999999999673e+98 5.471812765646474341e-01 2.997912374865581153e-01 2.720437627265700486e-01 4.012100172852196556e-01 3.353887673272972769e-01 3.239053248742851387e-01
1.000000000000000000e+00 -9.999999999999999673e+98 6.809106184714578403e-01 6.621114770353125900e-01 6.775515562229792454e-01 1.060357119859172137e-01 7.326898123310008337e-01 7.754609000864262081e-01
1.000000000000000000e+00 -9.999999999999999673e+98 9.944877869631951750e-01 4.515619115695721497e-01 6.021676156192683482e-01 4.277341857774822342e-01 6.337311386421531356e-01 9.217894652042857295e-01
1.000000000000000000e+00 -9.999999999999999673e+98 6.154637714313334618e-01 7.152385103595952920e-01 2.936529222049459875e-01 7.764863408209824458e-01 4.281475503963361184e-02 1.587494940789462294e-01
1.000000000000000000e+00 -9.999999999999999673e+98 7.088978145762661054e-01 6.148199304675771026e-01 2.720595781876251618e-01 7.619255690143132975e-01 9.099513896360147402e-01 4.152077403366172259e-01
1.000000000000000000e+00 -9.999999999999999673e+98 5.806618123779448970e-01 8.893983053184860710e-01 6.222110080404040788e-01 5.937468069407293436e-01 3.018139003828790301e-01 6.678776814556732777e-01
1.000000000000000000e+00 -9.999999999999999673e+98 7.919739472690080495e-01 4.802180806786388034e-01 4.873735123596745211e-01 8.433389842912837331e-01 7.954745863622911806e-01 5.744602489493496611e-01
1.000000000000000000e+00 -9.999999999999999673e+98 6.391386152357071415e-01 5.498125474109212263e-01 4.155512490215144128e-01 2.449551350803887972e-01 8.815145364252627846e-01 6.400494746632110488e-01
1.000000000000000000e+00 -9.999999999999999673e+98 2.094671809300709953e-01 1.363906302685080618e-01 3.507012497829198328e-02 4.430290688592021242e-01 5.336371709745033609e-01 9.723920122875656658e-01
1.000000000000000000e+00 -9.999999999999999673e+98 4.548282973068870083e-01 3.411164202333784035e-01 5.866476659671626681e-01 3.568298756446163233e-01 2.976298213004571203e-01 2.332420255216048899e-01
1.000000000000000000e+00 -9.999999999999999673e+98 7.603171671084388850e-01 7.125611402504307135e-01 7.718328448346505333e-01 9.589563640353344631e-01 8.215416521525764626e-02 5.981101786472042825e-01
1.000000000000000000e+00 -9.999999999999999673e+98 8.917519422360969950e-01 2.574718547202606844e-01 6.785685753650746443e-01 9.128246224725451441e-01 6.547136705335554474e-01 4.164921169561146552e-01
1.000000000000000000e+00 -9.999999999999999673e+98 3.478736532202808540e-02 8.067664440436462803e-01 6.968822975667979813e-01 4.704778046989637197e-01 3.004350601713421387e-01 3.685543018985028008e-01
1.000000000000000000e+00 -9.999999999999999673e+98 4.872087514535017316e-02 9.583413586005425921e-01 3.581622245907080115e-01 7.615145146977178037e-01 9.331203426880734231e-01 9.795047603403710390e-01
1.000000000000000000e+00 -9.999999999999999673e+98 7.024006955016549592e-01 8.750754953002881642e-01 9.263015581492242134e-01 5.746834993886563714e-01 2.452955817638267089e-01 2.161344668843134809e-01
1.000000000000000000e+00 -9.999999999999999673e+98 5.248155640593378246e-01 3.259546604297191008e-01 5.391750642517704195e-01 6.320658061213511036e-01 4.915726645486362401e-01 3.675555000569225017e-01
1.000000000000000000e+00 -9.999999999999999673e+98 2.259520625389785931e-01 5.042955207888285551e-01 6.388965899262863957e-01 1.772318073178666964e-01 3.800333178707882009e-02 1.858692017980332345e-01
1.000000000000000000e+00 -9.999999999999999673e+98 3.515122157942829340e-01 4.342995532921501978e-01 9.491461868711708050e-01 5.876862070946700101e-01 1.974785101144833632e-01 2.353394420063237291e-01
1.000000000000000000e+00 -9.999999999999999673e+98 3.191625749592711392e-01 6.842942161529623757e-01 5.933388215266255372e-01 8.410879180600554506e-01 5.189665928464369804e-01 4.214993876826199637e-01
1.000000000000000000e+00 -9.999999999999999673e+98 2.110035998391658341e-01 6.424225358238804251e-01 1.885284799198899686e-01 5.325752563775165704e-02 7.495607523263154714e-01 1.314707850296032987e-01
1.000000000000000000e+00 -9.999999999999999673e+98 3.653517298584932904e-01 7.689812547452233860e-01 7.260705523029378217e-01 2.931867607580331825e-01 2.093772854432954800e-01 4.930892142969718339e-01
1.000000000000000000e+00 -9.999999999999999673e+98 9.014861504719341445e-01 2.271698583746070144e-01 2.056068333469189824e-01 4.868827333463371376e-01 8.926738231172310911e-01 7.097635341501667972e-01
1.000000000000000000e+00 -9.999999999999999673e+98 9.420243745398279023e-01 8.509970165681951526e-01 9.943111141105542838e-02 5.411635915410092368e-01 2.987460306232468943e-01 6.807735133647664361e-01
1.000000000000000000e+00 -9.999999999999999673e+98 6.509190383761294108e-01 9.752368463647963504e-01 2.438255462610596780e-01 3.709851248534050683e-01 3.822690518786155955e-01 2.550316343426390908e-01
1.000000000000000000e+00 -9.999999999999999673e+98 7.304077660377306103e-02 6.781934260199580233e-01 6.097117265414275789e-02 4.422599410889200833e-01 3.260436325266647950e-01 5.570673047495816599e-01
1.000000000000000000e+00 -9.999999999999999673e+98 8.918434313348339026e-01 3.084094330225091163e-01 3.405553198861526187e-01 3.852243005788749119e-01 4.124171369514280094e-01 1.167415731031919979e-01
1.000000000000000000e+00 -9.999999999999999673e+98 2.821084636404485035e-01 9.689788517003584678e-01 4.494509353862975454e-01 7.130616773182758550e-01 9.705649846356274590e-01 4.628335268443639627e-01
1.000000000000000000e+00 -9.999999999999999673e+98 7.513608418453576743e-02 1.536600413087182426e-01 2.132399150116057740e-01 7.795529436424275538e-01 6.575100722936613185e-01 9.599919496234360361e-01
1.000000000000000000e+00 -9.999999999999999673e+98 3.491386242133978079e-01 3.004289489319634798e-01 2.025218224421301283e-01 4.240166624454722033e-02 4.137918786326693077e-01 5.421788958402598002e-01
1.000000000000000000e+00 -9.999999999999999673e+98 7.202858909206885096e-01 5.361178809946762769e-01 8.150536059674892142e-01 2.086042770140544844e-01 8.373691925354173060e-01 5.632728795841682734e-01
1.000000000000000000e+00 -9.999999999999999673e+98 2.483626639227509703e-02 5.280574560519523120e-01 6.948464670955007971e-01 2.795808239321727617e-01 9.951491307897991634e-01 1.087358019198381154e-02
1.000000000000000000e+00 -9.999999999999999673e+98 3.731847641881254063e-01 1.659385766202037260e-02 5.020704287794212073e-01 4.261155029144108042e-01 8.230899076643537482e-01 2.559174528991619013e-01
1.000000000000000000e+00 -9.999999999999999673e+98 8.595879104906470891e-01 1.545198740914889290e-01 4.351077048717274520e-01 3.597465320069829220e-01 9.579835887897804048e-01 1.692425700885928919e-01
1.000000000000000000e+00 -9.999999999999999673e+98 8.851805872235239958e-01 9.234235052103423325e-01 9.565599222102820764e-01 5.443753968495190776e-02 3.755000019060072969e-01 9.654501581913456087e-01
1.000000000000000000e+00 -9.999999999999999673e+98 8.463821685152097540e-01 9.676183159694199398e-01 7.890154389427401771e-01 5.936291040489066750e-01 7.976784838398220945e-02 1.143586029120849945e-01
1.000000000000000000e+00 -9.999999999999999673e+98 2.181027521952940695e-01 4.000548585311242133e-01 3.979421793115773820e-01 1.815537879107645969e-01 9.616271988518354519e-02 5.225465636175991024e-01
1.000000000000000000e+00 -9.999999999999999673e+98 3.737377378649151538e-01 8.153912730341017490e-02 4.241735653613551982e-01 6.099047738518910133e-01 6.538417349198605288e-01 7.262173362981689806e-01
1.000000000000000000e+00 -9.999999999999999673e+98 8.503104805993255688e-03 9.422422665472606207e-01 8.129811623854843461e-02 2.612633755153481729e-01 4.231351028942158532e-01 9.556295227696566252e-01
1.000000000000000000e+00 -9.999999999999999673e+98 7.091698835688430291e-01 7.737441710174122189e-01 9.621387806131788123e-01 7.666748569801971058e-01 7.758329761815241365e-01 4.673785080006653825e-02
1.000000000000000000e+00 -9.999999999999999673e+98 1.116221300668432947e-01 8.850624144822893946e-02 2.079513084818837010e-01 2.501590420813570859e-01 2.153395164209903623e-02 8.589521215004356502e-01
1.000000000000000000e+00 -9.999999999999999673e+98 6.763683273715704880e-01 4.275160762105615353e-01 2.830967462516621458e-01 1.857363188849450175e-01 8.101772710559421720e-01 6.570820135536052931e-01
1.000000000000000000e+00 -9.999999999999999673e+98 5.392525066288035296e-01 8.735549933235723374e-01 2.301849371670049438e-01 1.326536675585257008e-01 5.504462679513392187e-01 9.347642303982263146e-01
1.000000000000000000e+00 -9.999999999999999673e+98 1.343366785255248885e-01 7.662117869604252451e-01 1.184259313401987423e-01 6.651921497898400926e-01 1.735233653830796641e-01 8.314457049316916759e-01
1.000000000000000000e+00 -9.999999999999999673e+98 9.719407890631310831e-01 3.558482271817776654e-01 5.936692556601330661e-01 9.227202788628802166e-01 8.835307521878484893e-01 6.061239128500436335e-01
1.000000000000000000e+00 -9.999999999999999673e+98 7.436659239203481375e-01 1.625189313212337394e-01 4.429743335205061916e-01 5.110162347223463630e-01 5.042044980165653056e-01 8.054585008301642368e-01
1.000000000000000000e+00 -9.999999999999999673e+98 1.620459747353885094e-01 9.984136659327997876e-01 7.878809407111546648e-01 7.943611353224769855e-01 5.088986355835283248e-01 9.818129908114514581e-02
1.000000000000000000e+00 -9.999999999999999673e+98 5.690077424989962163e-01 9.528247728110862402e-01 2.891285180294298485e-01 3.876459780206636951e-01 2.559221833959083314e-01 2.765528875333901349e-01
1.000000000000000000e+00 -9.999999999999999673e+98 1.990898039188424562e-01 7.963124205045267745e-01 3.733078986426879853e-01 1.729193545168070667e-01 8.851076445387391356e-01 3.272024027119815326e-01
1.000000000000000000e+00 -9.999999999999999673e+98 6.579735443643448534e-01 3.987773703243026047e-01 1.848237307112726713e-01 9.505344230496045599e-01 7.177256923529380384e-01 4.975823232968579202e-02
1.000000000000000000e+00 -9.999999999999999673e+98 5.015952891043743422e-01 6.673075017320899693e-01 4.028428993635257971e-01 5.486435753452063580e-01 6.371807044559890665e-01 7.822708384830932005e-01
1.000000000000000000e+00 -9.999999999999999673e+98 3.125379568126986918e-01 1.694047453733776853e-01 3.242718917336345763e-01 5.721860407441636820e-01 6.904176428802815124e-01 1.980768731155628792e-01
1.000000000000000000e+00 -9.999999999999999673e+98 2.831051193459480642e-01 7.546527549114446787e-01 9.031293291279809399e-01 3.260918848393820069e-01 5.710714369056747453e-01 7.378760152899954683e-02
1.000000000000000000e+00 -9.999999999999999673e+98 8.059605706344628029e-01 9.178300586759260415e-01 6.551373481314012315e-01 5.665559951206889933e-01 2.750660928820349849e-01 8.197083883959551676e-01
1.000000000000000000e+00 -9.999999999999999673e+98 7.171627115141488984e-01 6.249396872642252188e-01 9.168250911705265738e-01 4.173207711466985215e-01 2.080296713561610167e-01 4.536927440242921605e-03
1.000000000000000000e+00 -9.999999999999999673e+98 1.183960404905151087e-01 1.747051758448749936e-01 1.681420497485458521e-01 6.479696901500455741e-01 5.027030429665091393e-01 7.163277073073762713e-01
1.000000000000000000e+00 -9.999999999999999673e+98 8.475521117481754629e-01 9.779912655066120841e-01 2.781081657403086105e-01 3.440105688150475460e-01 8.801775669817857306e-02 8.066199386493452250e-01
1.000000000000000000e+00 -9.999999999999999673e+98 1.689207853503299495e-01 8.703087110607564680e-01 5.276187022278030492e-01 3.939468589758733374e-01 1.125981582546073945e-01 5.393502234700603415e-01
1.000000000000000000e+00 -9.999999999999999673e+98 4.094406381059627620e-01 9.039802767586636589e-01 2.274420778385846109e-01 4.258574082845630882e-01 2.038666265421898993e-01 6.565929227048575845e-01
1.000000000000000000e+00 -9.999999999999999673e+98 5.355961686325030335e-01 4.901736235064783065e-01 6.313471644256517523e-01 7.215320047340548770e-01 7.630263632917011485e-01 1.332512053070068481e-01
1.000000000000000000e+00 -9.999999999999999673e+98 2.514910971227580783e-01 9.568841896472520814e-01 9.663557988086741712e-01 2.122210871863408066e-01 6.540325014351172639e-01 1.859126037660501218e-01
1.000000000000000000e+00 -9.999999999999999673e+98 9.669315391214250432e-01 9.425470703090788049e-02 1.064393790806322793e-01 3.571414299085051702e-02 6.886036478290390450e-01 1.064150200275532088e-01
1.000000000000000000e+00 -9.999999999999999673e+98 4.714804618932665337e-01 3.844514453729495074e-01 8.896997196933282837e-01 1.312848922032556764e-01 1.999194966011629271e-01 8.992837657694621178e-01
1.000000000000000000e+00 -9.999999999999999673e+98 8.685894511729276291e-01 1.070980210425500623e-01 1.041581170751305629e-01 7.391324675539550082e-01 5.329854667860901563e-01 7.551078573023577434e-01
1.000000000000000000e+00 -9.999999999999999673e+98 9.821557795631966625e-01 6.885664909338797823e-01 6.435903561600740952e-01 4.973061337470291443e-01 6.158592822563434543e-01 2.506111353336170078e-01
1.000000000000000000e+00 -9.999999999999999673e+98 1.778218340269396291e-01 7.845591052958925671e-01 5.559579817879050090e-01 2.647758702237985595e-01 9.986650277529028896e-01 6.274930450320742592e-01
1.000000000000000000e+00 -9.999999999999999673e+98 9.797362578764894359e-01 5.699680549315938594e-01 4.987895061826902454e-01 7.995998004951828664e-01 1.214672456439371828e-01 2.409449672706017731e-01
1.000000000000000000e+00 -9.999999999999999673e+98 8.719706686197979950e-01 3.664556233888283110e-02 4.042758087232615205e-01 2.417516734770674969e-02 4.362374353884852507e-01 3.809613702380431066e-01
1.000000000000000000e+00 -9.999999999999999673e+98 8.826615855879390571e-01 4.552478099506195308e-01 9.956297828784516080e-01 5.747388552512744386e-01 6.773596493018685383e-01 1.246364262929821054e-01
1.000000000000000000e+00 -9.999999999999999673e+98 6.278487122941035503e-01 7.627978236901334919e-01 5.430294317502004642e-02 4.883277429742287623e-01 3.014941970215900824e-03 1.038837872485121050e-01
1.000000000000000000e+00 -9.999999999999999673e+98 3.920719932032078470e-01 3.495614768734478517e-02 5.863149689765938533e-01 6.624355060880209312e-01 6.112095409728338646e-01 1.989778015200104333e-01
1.000000000000000000e+00 -9.999999999999999673e+98 3.822995779560381946e-01 5.097200164536979106e-01 4.559036797789852713e-01 1.151670022158709505e-01 5.538160596448639117e-01 4.377908935600743900e-01
1.000000000000000000e+00 -9.999999999999999673e+98 6.802704655378200016e-02 9.479575896347131048e-01 6.919287780869797233e-01 2.495657643408203397e-01 7.435671423221635878e-01 7.924606475449343934e-01
1.000000000000000000e+00 -9.999999999999999673e+98 9.510424133585969608e-01 4.413602389001711757e-01 6.102552714317225346e-01 8.298632207155718365e-01 2.842774539347245888e-01 3.080694644671830851e-01
1.000000000000000000e+00 -9.999999999999999673e+98 9.606201000886859243e-01 2.505658225604281419e-01 2.958482631591070611e-01 7.976822163068639782e-01 8.655887321715460825e-02 6.789340407516933906e-01
1.000000000000000000e+00 -9.999999999999999673e+98 7.275632301746141062e-01 9.857193596122221235e-01 6.445178872043241247e-01 4.222065298810806500e-01 2.671069712135517582e-01 4.115417999628285806e-01
1.000000000000000000e+00 -9.999999999999999673e+98 2.426015099808374043e-01 4.476243765933031193e-01 6.388844771802493216e-01 8.248422454966028994e-01 5.036219692768976186e-01 4.987232350287649219e-01
1.000000000000000000e+00 -9.999999999999999673e+98 3.761963610264269509e-01 4.493453202773000088e-01 2.318110497908255629e-01 5.210606038611665936e-01 5.137716197208174185e-01 5.546827806461955834e-01
1.000000000000000000e+00 -9.999999999999999673e+98 3.230022484563254137e-01 8.256897182812028557e-01 7.981786545668654309e-01 1.562364874356241273e-01 2.943956771240552328e-01 5.050904020190138954e-02
1.000000000000000000e+00 -9.999999999999999673e+98 7.896038084374290555e-01 5.940483942345147206e-01 6.324489629699455717e-01 3.645882619939607716e-01 1.100326413021975869e-01 7.163409769225725920e-02
1.000000000000000000e+00 -9.999999999999999673e+98 5.356313874954277132e-03 5.862633413343786293e-01 3.154383317575434331e-01 7.193903265558856397e-01 1.452453033782981073e-01 2.436409594404579382e-01
1.000000000000000000e+00 -9.999999999999999673e+98 8.656876552531588276e-01 9.994841545997603660e-01 6.137750145749392150e-01 6.391954515979124674e-01 2.542729147380017318e-01 1.343235813587787542e-01
1.000000000000000000e+00 -9.999999999999999673e+98 9.576089626848430791e-01 9.735138330648109850e-01 3.968311883220823066e-01 7.054597248478933214e-02 4.411200272100965769e-01 6.295775807162049542e-01
1.000000000000000000e+00 -9.999999999999999673e+98 4.268054230719917630e-01 8.794583371762135782e-01 7.895432252027160258e-01 7.010947407410248466e-01 1.469210569785746046e-01 6.775838701358053440e-01
1.000000000000000000e+00 -9.999999999999999673e+98 5.687699776072127067e-01 3.209688548006736086e-01 9.359082800807162483e-01 2.117410289316860039e-01 3.201606472514838542e-01 6.084897901669621412e-01
1.000000000000000000e+00 -9.999999999999999673e+98 1.440076200200525181e-01 5.881538657562322969e-01 2.937246618816343746e-01 9.245436316835381474e-01 2.851405674204404717e-01 5.666182171017198899e-01
1.000000000000000000e+00 -9.999999999999999673e+98 8.664954132709523638e-02 8.251549756042313444e-01 5.948442485507753341e-01 1.280999340449520130e-01 2.235989264575816149e-01 6.742197291176339480e-01
1.000000000000000000e+00 -9.999999999999999673e+98 4.885281658958137152e-01 1.493202068285259809e-01 7.853255213196786988e-01 3.161946895980776162e-01 7.840742857239481056e-01 1.104448303222980154e-01
1.000000000000000000e+00 -9.999999999999999673e+98 5.560148326724316803e-01 3.431258685550599985e-01 8.232366425018918799e-01 5.932947779359964979e-01 8.972274232932313520e-01 6.093454249820495772e-01
1.000000000000000000e+00 -9.999999999999999673e+98 2.925801441484495724e-01 1.362469848187152222e-01 3.199556062025350478e-01 2.364210460068835173e-01 3.255923577920483147e-01 8.183016977269428338e-01
1.000000000000000000e+00 -9.999999999999999673e+98 1.094654010116000720e-01 8.837928423154730595e-01 2.608916030636190264e-01 4.221802076145442228e-02 8.688252310600599326e-01 2.205095564905092953e-01
1.000000000000000000e+00 -9.999999999999999673e+98 3.192383296724597974e-01 2.360876681506339780e-01 3.624431252216053778e-02 9.035092177762149568e-01 7.513214376043153564e-01 9.463418025713458137e-01
1.000000000000000000e+00 -9.999999999999999673e+98 2.759545953526312267e-01 2.984998357261630098e-01 6.970233981615008290e-01 6.239021891949332321e-01 9.187788284277823569e-01 7.917074473011725955e-01
1.000000000000000000e+00 -9.999999999999999673e+98 6.671212907712044116e-01 1.581307189940655000e-01 6.702068836182937250e-01 8.351331957551928475e-01 3.958828945774239827e-01 9.407538658366750850e-01
1.000000000000000000e+00 -9.999999999999999673e+98 7.757536614812797771e-01 8.135220012621540153e-01 2.895980457837931121e-01 3.574413469525417053e-01 5.848460672412509886e-01 3.191581957061443431e-01
1.000000000000000000e+00 -9.999999999999999673e+98 3.746997083934678896e-01 9.835804668329728440e-01 1.310772653149705480e-01 4.590902905893082808e-01 6.179509934507927404e-01 9.754516171910792011e-01
1.000000000000000000e+00 -9.999999999999999673e+98 8.357787986867518670e-01 6.731196255042650733e-01 5.831737903855026550e-01 5.763233685184989685e-01 7.259607356666009093e-02 6.111205537447634839e-01
1.000000000000000000e+00 -9.999999999999999673e+98 3.389228230449446988e-01 5.358754880531076958e-01 9.087744930352817940e-01 3.237556923490089167e-01 4.096405540620244867e-01 8.606904421455228160e-01
1.000000000000000000e+00 -9.999999999999999673e+98 5.600782923233530441e-01 2.512149778395242894e-01 4.787044908253146325e-01 1.254550305140409439e-01 5.042931655737281638e-01 4.261922954145362930e-01
1.000000000000000000e+00 -9.999999999999999673e+98 9.000623029883182413e-01 7.268667388957459341e-01 7.865804449091244877e-01 1.273886391016395558e-01 7.829441855057575061e-01 8.043452228688976469e-01
1.000000000000000000e+00 -9.999999999999999673e+98 9.012129418127838854e-01 4.431623805535381821e-01 2.766566273601736015e-01 6.318075288547563284e-01 8.846195607555176199e-01 1.009424502746579799e-01
1.000000000000000000e+00 -9.999999999999999673e+98 6.308121295108468640e-01 7.141057414419088589e-01 3.891627847429047771e-01 9.915057581825865718e-01 7.516043449701077517e-01 3.458423772156754561e-01
1.000000000000000000e+00 -9.999999999999999673e+98 8.323669289867841048e-02 1.776352168572481460e-02 4.187951409550028092e-01 2.763008680114678040e-01 4.153088021156919885e-01 5.257151101228063617e-02
1.000000000000000000e+00 -9.999999999999999673e+98 2.445827427283314703e-01 7.355274237217459543e-01 4.020328096478520408e-02 3.033628517104947075e-01 9.101762448623861301e-01 4.648949120663471435e-01
1.000000000000000000e+00 -9.999999999999999673e+98 9.095159126776709568e-01 4.033452080179988908e-01 6.962609841129681065e-01 5.017159006844191804e-01 7.223183941348617632e-01 9.586821266602265634e-01
1.000000000000000000e+00 -9.999999999999999673e+98 9.747680885863712064e-01 6.695290755233731517e-01 2.947609848479216810e-01 4.657296009324056740e-01 4.691302170688859130e-01 1.649801452563429693e-01
1.000000000000000000e+00 -9.999999999999999673e+98 3.727310035945314848e-01 1.378199014828018765e-01 7.750781491019820280e-01 1.530260730932219149e-01 9.859764564903500395e-01 6.077735920601581299e-01
1.000000000000000000e+00 -9.999999999999999673e+98 3.009019049451455707e-01 5.494652584093984160e-01 1.863733156058688945e-02 8.457137470326872020e-01 3.754789858669319580e-01 2.925314823720773783e-01
1.000000000000000000e+00 -9.999999999999999673e+98 1.203186666327016319e-02 6.732505238765051914e-02 9.035209353578269598e-01 4.754483447032650245e-01 1.886499483223178508e-01 4.182203234264318947e-01
1.000000000000000000e+00 -9.999999999999999673e+98 7.571401185026260805e-01 5.649381491028016011e-01 5.375903989371614289e-01 7.374773844346926843e-02 2.110636855277757684e-01 1.489482356790722273e-01
1.000000000000000000e+00 -9.999999999999999673e+98 7.802316149170862580e-02 7.608869323495056625e-01 8.207262916358557536e-01 4.463367513494136407e-01 5.900911938461097517e-01 1.599023752340451576e-01
1.000000000000000000e+00 -9.999999999999999673e+98 2.900096023074537621e-01 5.499704707600112652e-01 6.225889722532240711e-01 1.710458154343550419e-01 5.451953702848864047e-01 1.326048867366226292e-01
1.000000000000000000e+00 -9.999999999999999673e+98 2.444358421553249894e-02 7.093651122758908301e-01 9.755922421563447688e-01 2.181071970799550730e-01 9.654360728160122918e-01 5.187403209522783998e-01
1.000000000000000000e+00 -9.999999999999999673e+98 9.341934448228998988e-01 3.383517576344363675e-01 9.723028229727498362e-01 9.439962488475373004e-01 6.745080744482173651e-01 8.625202957188897734e-01
1.000000000000000000e+00 -9.999999999999999673e+98 6.793961969011228508e-01 9.720554039677041791e-01 5.231068185459064601e-01 7.632844398573133127e-01 6.529169579058913264e-01 4.744299824651685427e-01
1.000000000000000000e+00 -9.999999999999999673e+98 2.946142597213788905e-01 9.691916152199248069e-01 6.110756683813304280e-01 7.250154046123957752e-02 9.841899561032969590e-01 5.990512566650618709e-02
1.000000000000000000e+00 -9.999999999999999673e+98 7.593354897867441444e-01 4.511139477492464023e-01 8.931936516511802537e-01 7.331004004146205455e-01 3.208486408422305258e-01 4.403264366857743140e-01
1.000000000000000000e+00 -9.999999999999999673e+98 8.306285115749488801e-01 4.432437391308445829e-01 6.912003074591539509e-01 9.937241642314112999e-01 9.130906435831741552e-01 2.552831793332825949e-01
1.000000000000000000e+00 -9.999999999999999673e+98 7.799283367258138533e-01 8.897980661499744759e-01 1.740143948788617223e-01 7.117581040742653187e-01 8.406271358742100075e-01 5.716527613042066136e-01
1.000000000000000000e+00 -9.999999999999999673e+98 8.797764816570188273e-01 4.034150964683991258e-01 8.451400158157238440e-01 3.374126258034710890e-01 8.683210124216587111e-01 5.990073848828316727e-01
1.000000000000000000e+00 -9.999999999999999673e+98 2.348247752503951347e-01 5.981598753202320706e-01 9.592960915548408574e-01 7.223204925769873830e-01 8.046034334863284565e-01 6.256758222050570195e-01
1.000000000000000000e+00 -9.999999999999999673e+98 1.049687279252102812e-01 9.407066443084346474e-01 1.003920299537615080e-01 9.800736173649835514e-01 8.033849899862210986e-02 2.137413022625105352e-01
1.000000000000000000e+00 -9.999999999999999673e+98 1.056868849401785271e-01 5.469048650554590996e-01 5.662720983694802257e-01 9.133470438390697277e-01 9.380018799259814966e-01 3.669216022756411899e-01
1.000000000000000000e+00 -9.999999999999999673e+98 7.183369605524896340e-01 6.585343720667257150e-01 9.611804048804128975e-03 9.784374601080813028e-01 2.770531870323722501e-03 5.632793591489138052e-01
1.000000000000000000e+00 -9.999999999999999673e+98 2.865719144037353061e-01 7.393280194931484139e-02 2.017248957122743658e-01 3.585946278533681530e-01 5.353606968363942009e-01 9.090342157064463802e-01
1.000000000000000000e+00 -9.999999999999999673e+98 7.281723401791280192e-01 6.731447989278556143e-01 8.416832836462480039e-01 3.157588647471948340e-01 3.505376422982602325e-01 8.943341647636642300e-01
1.000000000000000000e+00 -9.999999999999999673e+98 4.006263617226931695e-01 3.165762680681827312e-01 2.233302358278910216e-02 1.299304537371069879e-01 5.628358930040441299e-01 6.548442022165024134e-01
1.000000000000000000e+00 -9.999999999999999673e+98 6.969695312994368397e-01 3.361224535039241124e-01 4.234644926944546306e-01 1.399093704798637372e-02 4.423961166594779781e-01 4.916696071524397915e-01
1.000000000000000000e+00 -9.999999999999999673e+98 1.380315394755806668e-01 8.923905395753957137e-01 4.064468308154614018e-01 2.385435600955152502e-01 5.303056827723073852e-01 7.508284885793159447e-02
1.000000000000000000e+00 -9.999999999999999673e+98 9.510543465499992077e-01 2.473751013054081849e-02 2.472897416077302069e-01 7.758313050374939790e-01 5.604610298630567922e-01 6.803386838099788614e-01
1.000000000000000000e+00 -9.999999999999999673e+98 2.961396136583992478e-01 4.450903361858236096e-01 4.476736672223555757e-01 3.232111884007558000e-01 5.296855270288807205e-01 7.118529106908452198e-01
1.000000000000000000e+00 -9.999999999999999673e+98 3.383169057823611769e-01 9.442404073502606021e-01 7.824141601483235453e-01 7.459010876535487888e-01 3.935662852319889993e-01 4.618214166775942431e-01
1.000000000000000000e+00 -9.999999999999999673e+98 7.351841892738830708e-02 2.787235641814511666e-02 2.916135816188086816e-01 4.636188598566591823e-01 6.481654414561139887e-01 1.055580177246222551e-01
1.000000000000000000e+00 -9.999999999999999673e+98 1.026482332147660159e-01 6.415470578387223455e-01 5.934096010712781588e-01 2.512541562335954826e-01 7.913280826631957643e-01 3.798868212554109558e-01
1.000000000000000000e+00 -9.999999999999999673e+98 9.764914026003117531e-01 5.585815578576205365e-01 6.607467401011859476e-01 1.168720397969489344e-01 5.133705632465107582e-01 4.804546616277451943e-01
1.000000000000000000e+00 -9.999999999999999673e+98 8.953186721745582943e-01 8.046639655049271367e-01 7.519780451662703147e-01 5.601696901229341607e-01 9.906732869198653368e-02 2.495188519656635906e-01
1.000000000000000000e+00 -9.999999999999999673e+98 7.279661039401041922e-01 3.687260946097342673e-01 1.441754791250653422e-01 3.530537491298507691e-01 8.873888013116442153e-01 3.286689468101342548e-01
1.000000000000000000e+00 -9.999999999999999673e+98 8.688287292593567246e-01 2.517915978029598989e-01 4.569296721758717705e-01 9.929254753685793355e-01 4.334823173386695983e-01 3.495532560329157601e-01
1.000000000000000000e+00 -9.999999999999999673e+98 4.383489944225194002e-02 9.640622340388073086e-01 8.962647684479491117e-01 8.989808116526775139e-01 2.074612217460172214e-01 8.002948241910189386e-01
1.000000000000000000e+00 -9.999999999999999673e+98 9.938892033070392262e-01 2.117247815314038384e-02 1.146149811222536563e-01 8.036736144208290744e-01 6.179002357721451455e-01 2.737706746850331330e-01
1.000000000000000000e+00 -9.999999999999999673e+98 4.336672512499551990e-01 5.581798923681913216e-01 2.904576395835194447e-01 7.343564194743779083e-02 1.499554830675244865e-01 6.965180303510345450e-01
1.000000000000000000e+00 -9.999999999999999673e+98 9.838963633835698941e-01 1.712756471984178130e-02 9.327544666062179690e-01 6.854978073959405727e-01 8.163053683627760071e-01 6.249820527568350492e-01
1.000000000000000000e+00 -9.999999999999999673e+98 2.970059499511026324e-01 3.086726577864590260e-01 2.305910347532060811e-01 7.618357092801790742e-01 1.221735475212776256e-01 3.098543575531562677e-01
1.000000000000000000e+00 -9.999999999999999673e+98 2.048862609494253029e-01 9.207918619193933285e-02 8.043676001718866875e-01 6.009013768143364187e-01 4.605672124678006352e-01 7.146071739269723722e-01
1.000000000000000000e+00 -9.999999999999999673e+98 4.552801001619067867e-01 7.606369503018494127e-01 5.218024670060328329e-02 5.817595126291985608e-03 5.163475616420354353e-02 8.065265316830395603e-01
1.000000000000000000e+00 -9.999999999999999673e+98 7.539859834629343283e-01 5.521554092220360976e-01 2.298976157678519483e-01 2.747046036735222296e-01 8.815765666569727044e-01 5.450934687047577221e-01
1.000000000000000000e+00 -9.999999999999999673e+98 7.600992318651005331e-01 8.498487622677605158e-01 5.799776115322529124e-01 5.264187762508675261e-01 2.452219765073666569e-01 9.257166445501305851e-01
1.000000000000000000e+00 -9.999999999999999673e+98 3.653709052215112774e-01 3.419373420673953445e-01 8.613358934836705672e-01 8.042255480586589789e-01 7.124246575836238327e-01 8.775549737294553454e-01
1.000000000000000000e+00 -9.999999999999999673e+98 3.843841365265990850e-01 3.333131898365837564e-01 3.143258984259176270e-01 2.229286905912393202e-01 7.897386330729936343e-01 6.394927847862952319e-01
1.000000000000000000e+00 -9.999999999999999673e+98 7.919496306873388125e-01 8.804550437318573453e-01 8.432451761048553873e-02 4.778050011514580753e-01 4.097763633765243441e-01 7.834189415475635299e-01
1.000000000000000000e+00 -9.999999999999999673e+98 2.401522433016229918e-01 8.735750087080713655e-01 8.512982074844689384e-01 9.654509320770476855e-01 5.846210788393766400e-01 9.007494419607555702e-01
1.000000000000000000e+00 -9.999999999999999673e+98 9.183434328202205732e-01 8.929875125398135660e-01 9.277763518151790345e-01 4.393269387627612987e-01 4.427507743571114096e-01 9.566045760896714212e-01
1.000000000000000000e+00 -9.999999999999999673e+98 3.228628848495398440e-01 7.624412912753975036e-02 5.782598886143741623e-03 3.727716673026744143e-01 7.612834253226751224e-01 7.436336294838045147e-01
1.000000000000000000e+00 -9.999999999999999673e+98 4.826450252835032817e-01 5.369045738729720796e-01 7.192820220245267349e-01 7.708163149378362000e-01 3.224388670706113125e-01 9.000075009076535792e-02
1.000000000000000000e+00 -9.999999999999999673e+98 1.083922336837183087e-01 5.968973436623636886e-02 9.303137846285062240e-01 9.383669368226937868e-01 7.224411622779913777e-02 5.375828315048086781e-01
1.000000000000000000e+00 -9.999999999999999673e+98 3.446411549059060775e-01 4.361302660412607057e-01 2.728535409766488229e-01 5.753632501647409914e-02 9.527474582607361464e-01 5.889214134729598982e-01
1.000000000000000000e+00 -9.999999999999999673e+98 7.464177042637231141e-01 9.227945759611524412e-01 4.123120233574123494e-01 1.322753798248182955e-01 8.772690127516955538e-01 9.642996281430441519e-01
1.000000000000000000e+00 -9.999999999999999673e+98 5.445004140322426966e-01 9.486927165128128392e-01 7.209968259212723440e-01 7.458362786642799280e-01 3.940536626440382939e-01 4.235815072477832066e-01
1.000000000000000000e+00 -9.999999999999999673e+98 7.601175819290276747e-01 3.650181192386664497e-01 7.155580520619662099e-01 1.916961987092292707e-01 3.351970017548057124e-01 1.945402748949028870e-01
1.000000000000000000e+00 -9.999999999999999673e+98 6.378461558711130408e-01 8.168812510421418205e-01 3.286891990904045047e-01 8.703609869453525771e-01 5.965857764821195230e-01 8.920500669011611761e-01
1.000000000000000000e+00 -9.999999999999999673e+98 9.528138418918853381e-01 7.068381127878398118e-02 7.560057600343065287e-01 3.301774612326784375e-01 1.472504062520415546e-01 8.531520698690885363e-01
1.000000000000000000e+00 -9.999999999999999673e+98 8.907055466315161318e-01 1.675400512359860317e-01 5.223706343430500887e-01 8.157683032603958440e-01 2.199023971729122673e-01 7.311813383951182299e-02
1.000000000000000000e+00 -9.999999999999999673e+98 4.995350011319068528e-01 2.103882055403841767e-01 9.840252940400273651e-02 6.013803867393404667e-01 8.315074867900805744e-01 1.532416627116693908e-01
1.000000000000000000e+00 -9.999999999999999673e+98 1.242075636592469001e-01 7.677611276552219755e-01 2.164918892269200867e-01 2.333443931703688135e-01 8.243971708571351531e-01 4.188095000931533196e-01
1.000000000000000000e+00 -9.999999999999999673e+98 2.895833857137901646e-01 9.597083159627506355e-01 6.871053899468356763e-01 9.541951376332447055e-01 2.039156671718976854e-01 3.511288497459580382e-01
1.000000000000000000e+00 -9.999999999999999673e+98 7.003548916062433127e-01 5.407291042999903263e-01 7.979375558385606304e-01 4.210826676527118506e-01 5.492883278219716781e-01 2.411875839953993017e-01
