weight logl C sigma mu1 mu2 a1 a2 W lam0
1.000000000000000000e+00 -9.999999999999999673e+98 5.918702528008604746e-01 4.788819103847170577e-01 1.129687165444382968e-01 5.869015330928286645e-01 8.309062743714754617e-01 6.162563637693131424e-01
1.000000000000000000e+00 -9.999999999999999673e+98 7.888604414447656366e-01 1.951528459942913907e-01 3.476504180746068373e-01 2.385787229864945180e-01 5.468550568633814279e-01 1.396148729417618917e-01
1.000000000000000000e+00 -9.999999999999999673e+98 4.300598161509041617e-01 4.241671271614282368e-01 4.627742332362650979e-01 8.865243949329768558e-01 9.028518384075756575e-01 8.250601546578417711e-02
1.000000000000000000e+00 -9.999999999999999673e+98 9.232435405474991308e-01 3.705148877865618307e-01 9.730626621661797593e-01 9.988382943002084291e-01 7.981165769189572101e-01 8.729960583405126373e-01
1.000000000000000000e+00 -9.999999999999999673e+98 6.026378880059801713e-01 3.816398258777786712e-01 4.447109124224168930e-02 9.078989858586470341e-01 3.148828239749441593e-01 9.729329168828948493e-02
1.000000000000000000e+00 -9.999999999999999673e+98 9.229266899963244342e-01 1.157422411515330873e-01 2.643709241532548049e-01 4.172310415727953359e-02 7.594165283260623234e-01 8.669941613858639373e-01
1.000000000000000000e+00 -9.999999999999999673e+98 9.787622174750094661e-01 1.870693340155382689e-01 8.836408237849524561e-02 8.035812299999106623e-01 6.329156283352549428e-01 9.960384548643911318e-01
1.000000000000000000e+00 -9.999999999999999673e+98 1.837474086319612621e-01 6.700390935375298840e-01 3.124318234886803713e-01 1.533791837723096352e-01 7.707570015991819234e-01 7.293272913819435210e-01
1.000000000000000000e+00 -9.999999999999999673e+98 5.294925479402219359e-01 5.513091924498014773e-01 1.093442684772738538e-02 7.420875813181061487e-01 2.405300111599694146e-01 6.351629748782734453e-01
1.000000000000000000e+00 -9.999999999999999673e+98 5.205863073986369827e-01 2.855976909569677424e-01 6.655297194849336684e-01 9.360081535280095899e-02 2.892618215938282944e-01 3.349466055512428930e-02
1.000000000000000000e+00 -9.999999999999999673e+98 4.622752936262563006e-01 2.879713147968541165e-01 4.225708632320999136e-01 3.726289286760006148e-01 8.839131133050882605e-01 8.335650619789103377e-02
1.000000000000000000e+00 -9.999999999999999673e+98 1.303968425396887509e-01 7.956764902179759291e-01 4.660227147100431955e-01 3.455429455785204995e-01 3.495632063878000295e-01 9.776824503919023801e-01
1.000000000000000000e+00 -9.999999999999999673e+98 3.241227215572185516e-01 3.804524126324685396e-01 1.361814315398707231e-01 3.919805978767202381e-01 4.858152209349803075e-01 6.847138523430857937e-01
1.000000000000000000e+00 -9.999999999999999673e+98 8.446197932879745407e-01 2.950007492018001942e-01 5.177454294934530354e-01 7.319702386787122483e-01 6.020195971954577230e-01 9.655532779950881661e-02
1.000000000000000000e+00 -9.999999999999999673e+98 5.831187517447078417e-01 5.157617578032557271e-01 7.467562709231583273e-01 6.188824285852800866e-01 7.903936416660606312e-01 7.494958409797369825e-02
1.000000000000000000e+00 -9.999999999999999673e+98 9.209446107411889404e-02 2.832030768848305957e-01 4.578022822108427370e-01 4.996899275333297474e-01 2.565800465276879549e-02 2.392850100284319437e-01
1.000000000000000000e+00 -9.999999999999999673e+98 8.596266193346457918e-02 5.074126722445991833e-01 6.262676721273165992e-01 1.956493003873066572e-01 4.567625850290029099e-01 8.250446528626710352e-01
1.000000000000000000e+00 -9.999999999999999673e+98 3.751875690378385642e-01 8.867346970187255373e-01 4.565574527263416282e-02 7.468021640565817298e-01 8.554982722290620512e-01 7.854833178413140882e-01
1.000000000000000000e+00 -9.999999999999999673e+98 4.260937306948706649e-01 6.377679541512201178e-01 5.331686923465200900e-01 8.643476489077264180e-01 4.864957735443248277e-01 8.301572600600602980e-01
1.000000000000000000e+00 -9.999999999999999673e+98 9.631577766475124536e-01 2.431020043181348900e-01 6.754495931007256093e-01 9.374328145235666376e-01 6.421382742867495219e-01 5.707069372099645710e-01
1.000000000000000000e+00 -9.999999999999999673e+98 3.356076196483197549e-01 8.922167856272805730e-01 9.359761396578666348e-01 9.195863288331056484e-01 4.235383580488737421e-01 2.318001466863751636e-01
1.000000000000000000e+00 -9.999999999999999673e+98 6.545850941665283251e-01 4.057101967969141132e-01 2.777108737280670203e-01 9.721806856376790096e-01 9.436817962376095048e-01 4.267275235175144177e-01
1.000000000000000000e+00 -9.999999999999999673e+98 1.063957574597774736e-01 4.934291002058890374e-01 1.688933106675778451e-01 6.133604092281808029e-03 9.944679078526401650e-01 6.810144529834040172e-01
1.000000000000000000e+00 -9.999999999999999673e+98 9.598620370438957217e-01 2.501008903692195640e-01 3.564637674543671420e-01 7.538958785674121366e-02 1.634498328056338545e-01 8.908310006093577149e-01
1.000000000000000000e+00 -9.999999999999999673e+98 1.925787829815815977e-01 9.769251018783817742e-01 6.496595986406054068e-01 1.844750130831931401e-01 3.444308742772159704e-01 2.264321336488296366e-01
1.000000000000000000e+00 -9.999999999999999673e+98 4.743625214338383911e-01 4.496354155390223095e-01 3.398518912674202141e-01 8.020040632190457153e-01 9.541258392488525253e-01 8.064029727401156311e-02
1.000000000000000000e+00 -9.999999999999999673e+98 8.199741918616206826e-01 6.139697301102227112e-01 9.984931401697350051e-02 2.826390446016776581e-01 1.001622012472843659e-01 5.427893840187473229e-01
1.000000000000000000e+00 -9.999999999999999673e+98 7.181698723721562372e-01 2.180427171198364711e-01 6.979192920909833564e-01 1.868377650801106293e-01 5.244932716563488473e-01 9.695450121356142814e-01
1.000000000000000000e+00 -9.999999999999999673e+98 5.018317615160494682e-01 3.923573639967213866e-01 7.160349110225825431e-01 6.427841973838324119e-01 3.231710888209967658e-01 2.799916610129913330e-01
1.000000000000000000e+00 -9.999999999999999673e+98 5.317559749274370917e-01 9.961924727610477204e-01 6.874121623441562523e-01 9.615386121986344570e-01 8.894961684630542376e-01 1.177515468267099630e-01
1.000000000000000000e+00 -9.999999999999999673e+98 9.729695052602882477e-02 1.959995756568729819e-01 7.087931658555218783e-01 4.213134067519037629e-01 7.819854266884341820e-01 1.272721355529987664e-01
1.000000000000000000e+00 -9.999999999999999673e+98 6.879880996518559222e-01 5.535581583015503071e-01 8.357622833212520197e-01 1.131090605331910304e-01 6.216509871776689788e-01 2.496535968922608539e-02
1.000000000000000000e+00 -9.999999999999999673e+98 3.218537417603342110e-01 5.604285703390627926e-01 7.856774205868490846e-01 7.178626003129122690e-01 5.537646683387534852e-01 4.372046919642769147e-01
1.000000000000000000e+00 -9.999999999999999673e+98 8.922358025903306400e-01 6.672737082232185202e-01 5.075731624609204351e-01 7.963694019191069895e-01 2.208496535552123552e-01 5.988713170840905820e-01
1.000000000000000000e+00 -9.999999999999999673e+98 4.093079893194951913e-01 2.557256946378105855e-02 5.364632534978709399e-01 2.520621031501328879e-01 4.944904952065886095e-01 7.664814422047442344e-01
1.000000000000000000e+00 -9.999999999999999673e+98 9.596137345224081683e-01 4.251946720289894177e-01 2.405504314702575641e-01 8.971893114311702000e-02 2.545470140024617134e-01 9.501439495502906896e-01
1.000000000000000000e+00 -9.999999999999999673e+98 1.997920416537235511e-02 8.989452913800570766e-01 2.601349393204077654e-01 3.809107833179805613e-01 5.870965963170762247e-01 5.118944693094246157e-01
1.000000000000000000e+00 -9.999999999999999673e+98 7.686381524702073920e-01 3.693870764222454417e-01 8.374859100698234249e-01 7.470705388136247294e-01 5.539554802985444670e-01 8.820924738192446046e-01
1.000000000000000000e+00 -9.999999999999999673e+98 3.804217922457242551e-02 2.604443650350971584e-01 1.537329340187604254e-01 3.623739721419605431e-03 7.371551053358527117e-01 8.794586486129899461e-01
1.000000000000000000e+00 -9.999999999999999673e+98 2.141368355024492187e-01 8.751429247241475640e-01 6.581677154922392914e-01 9.586008735284002880e-01 4.218506687144905065e-01 9.437655661251519446e-01
1.000000000000000000e+00 -9.999999999999999673e+98 3.181655891260122271e-01 6.860893459504679992e-01 1.988671928567942171e-01 1.489327851061975627e-01 6.419110173425579546e-01 7.945167071763156175e-01
1.000000000000000000e+00 -9.999999999999999673e+98 1.216465362514527193e-01 3.897828292860775479e-01 9.876922556244843721e-01 5.163056281645441725e-01 4.171409457179270364e-01 6.553057339806174220e-01
1.000000000000000000e+00 -9.999999999999999673e+98 3.707446334127706411e-01 1.100075779804013942e-01 2.935129542804592040e-01 2.780603777548449340e-01 9.725499665363053214e-01 2.167879544323613183e-01
1.000000000000000000e+00 -9.999999999999999673e+98 1.093892612568936329e-02 2.591338328171142180e-01 1.918765360842830114e-01 1.871217773369948656e-01 8.732640842249773661e-01 3.788599068989007002e-02
1.000000000000000000e+00 -9.999999999999999673e+98 8.653071297348452484e-01 4.652965002593358879e-01 4.820091077570975990e-03 4.278882586824039880e-02 7.285481782811358276e-01 6.196872918962367249e-01
1.000000000000000000e+00 -9.999999999999999673e+98 9.086825190533401875e-01 5.731285611719529882e-01 9.581740124169649819e-01 7.919512344953173466e-01 2.074826322517387966e-01 1.141917075629559353e-01
1.000000000000000000e+00 -9.999999999999999673e+98 9.572209926010755154e-02 7.091520174771785978e-01 4.493976182463530478e-01 9.959617929230382138e-01 6.559816434222642823e-02 2.876218534759444889e-02
1.000000000000000000e+00 -9.999999999999999673e+98 7.624117838749229215e-01 9.353422185863328187e-01 2.594570764029513477e-01 5.606320971716804991e-01 1.709888529318159822e-02 6.931949306129669974e-02
1.000000000000000000e+00 -9.999999999999999673e+98 3.704717631561579294e-01 5.194959483842664927e-02 7.718681026930670486e-01 1.472563285717198855e-01 5.297706570989327846e-01 4.322107379439218411e-01
1.000000000000000000e+00 -9.999999999999999673e+98 2.415652364197993229e-01 3.471691264662823961e-02 2.724359583315240085e-01 3.398109075336847029e-01 8.293016303238837095e-01 4.035868879665772679e-01
1.000000000000000000e+00 -9.999999999999999673e+98 5.527360428412662063e-01 4.637939999256244228e-01 8.939169400548583333e-01 3.897342698409985706e-01 2.140278155987478392e-01 6.255919594913927906e-01
1.000000000000000000e+00 -9.999999999999999673e+98 6.055578123229352627e-01 9.896491922914866235e-01 9.179720408144500521e-01 7.395419666608948894e-01 8.688781552253723728e-01 1.000444689542538956e-01
1.000000000000000000e+00 -9.999999999999999673e+98 1.824649583406003917e-01 1.272171500484223783e-01 5.046564299223856853e-01 3.478441883715726046e-01 3.956165259541363222e-01 8.785387392814618668e-01
1.000000000000000000e+00 -9.999999999999999673e+98 9.237140144335477254e-01 5.789283873476191999e-02 6.719563960268760683e-01 8.400327618266245633e-02 6.294096783640208415e-01 9.198480706125226058e-01
1.000000000000000000e+00 -9.999999999999999673e+98 3.304841835675627060e-01 2.608327667914802639e-01 4.416295258039416582e-01 9.048873642401635831e-01 6.105286856159011233e-01 1.310189835817098247e-01
1.000000000000000000e+00 -9.999999999999999673e+98 6.135776315342312826e-01 9.923942348959103876e-01 5.095222010734867801e-02 1.087310526477400785e-01 6.079958932231164237e-01 5.334726169259361717e-01
1.000000000000000000e+00 -9.999999999999999673e+98 2.187081489240597643e-01 2.501834955172492769e-01 5.523792376042707675e-01 1.427810411268622959e-01 7.428933839434881392e-01 4.783267907321491208e-01
1.000000000000000000e+00 -9.999999999999999673e+98 1.377983290097515301e-01 4.286850166498893389e-01 8.213455802829316976e-01 8.075413968229064876e-01 6.571526853392459788e-01 5.823960097616107667e-01
1.000000000000000000e+00 -9.999999999999999673e+98 2.857056251892899912e-01 4.020212499050168642e-01 3.790546045956209031e-01 3.084498155871209235e-01 8.016346951439804469e-01 7.264156526051210871e-01
1.000000000000000000e+00 -9.999999999999999673e+98 9.062159001123791802e-01 7.066692095197943946e-01 4.546820426003831406e-01 4.464961162410387985e-01 4.443321429463998884e-01 9.451425045286748761e-01
1.000000000000000000e+00 -9.999999999999999673e+98 1.070902366375636738e-03 2.147732236173103271e-01 6.338559830712586773e-02 2.826435085515700552e-01 2.574551857729554527e-01 2.236430106851381439e-01
1.000000000000000000e+00 -9.999999999999999673e+98 1.102729091656822202e-01 5.563906327768376459e-01 9.078006449338892336e-01 7.532592170555785227e-01 3.407247786938492062e-01 4.362796757835061268e-01
1.000000000000000000e+00 -9.999999999999999673e+98 7.479390730554104083e-01 8.572977821103796581e-01 9.331263850855048281e-01 8.194163947347856691e-01 5.807633443741944124e-01 4.767992693065684628e-01
1.000000000000000000e+00 -9.999999999999999673e+98 1.757858046545421882e-01 6.655637760702459715e-02 2.255561176815477076e-01 8.234327827463885363e-01 1.437957955734934234e-01 5.534845614055967644e-01
1.000000000000000000e+00 -9.999999999999999673e+98 9.093079111795758784e-01 6.813658912776607846e-01 4.208844080969800228e-01 4.743054641666312188e-01 4.114677630846684808e-01 9.558631400283915669e-01
1.000000000000000000e+00 -9.999999999999999673e+98 1.896742874304325754e-01 3.975634787238570000e-01 5.801406680204038713e-01 6.675914728611087590e-01 6.449760129698378641e-01 3.749320805153266711e-01
1.000000000000000000e+00 -9.999999999999999673e+98 7.506892359457728592e-01 8.810565276814500413e-01 8.459981153148971034e-01 5.687465780438097918e-01 6.613678910935568700e-01 9.246838410678436260e-01
1.000000000000000000e+00 -9.999999999999999673e+98 1.716447547297744736e-01 9.084185243585112257e-01 7.816620653676999986e-01 9.318583232590311738e-01 1.325969279476095775e-01 5.106311920699545537e-01
1.000000000000000000e+00 -9.999999999999999673e+98 2.708928804133903245e-02 9.807657185259848198e-01 7.886200170585403457e-01 3.753021035894932300e-01 6.059603848088280786e-01 5.946394946356814426e-01
1.000000000000000000e+00 -9.999999999999999673e+98 7.113182778265270123e-01 5.072257607304980764e-01 2.521139231298250571e-01 1.309103762191514697e-01 6.448740769308406451e-01 9.648916959541123939e-01
1.000000000000000000e+00 -9.999999999999999673e+98 4.501100000941444801e-01 8.618424780600214552e-01 4.297713347719286370e-01 9.508299693181031520e-01 6.388692378868651156e-01 2.918627909068142179e-01
1.000000000000000000e+00 -9.999999999999999673e+98 6.996164169612666406e-01 3.760245923823311021e-01 8.177050442576661027e-02 1.513077622165471814e-01 5.196275977584061678e-01 5.855173854982078652e-01
1.000000000000000000e+00 -9.999999999999999673e+98 9.226341572969882776e-01 3.152110473193362461e-01 2.587921464245358516e-01 9.248455162883318925e-01 6.600189808276487602e-01 2.817830285487292752e-01
1.000000000000000000e+00 -9.999999999999999673e+98 7.224187374453716615e-02 3.801251183169251924e-02 9.085627550921967499e-01 4.045220708611975136e-01 6.719680802105258977e-01 7.468250372476057386e-01
1.000000000000000000e+00 -9.999999999999999673e+98 3.610108299296166390e-01 7.135649487808016778e-01 8.906903122655328575e-01 3.375916603876817357e-01 9.774276254796177010e-02 1.698637140139163115e-01
1.000000000000000000e+00 -9.999999999999999673e+98 3.480839875660727278e-01 5.825254977845938376e-01 8.832044658302480311e-01 7.013833803408449086e-01 8.200212502426673655e-01 3.119384438091528100e-01
1.000000000000000000e+00 -9.999999999999999673e+98 2.645525394979214573e-01 6.382479711607746964e-02 6.981175585643513148e-01 6.033226278628699424e-01 9.643237174191897632e-01 9.043255612825696899e-01
1.000000000000000000e+00 -9.999999999999999673e+98 4.177228428398690463e-01 4.550608872945679506e-01 6.928768064044048547e-01 4.202261035024855707e-01 5.223282058491144353e-01 8.054091628555336557e-01
1.000000000000000000e+00 -9.999999999999999673e+98 3.557121975402842695e-01 5.238648265729494158e-01 7.041986137916789179e-02 3.244035512199376914e-01 6.949876446097694727e-01 6.642638987085442981e-01
1.000000000000000000e+00 -9.999999999999999673e+98 9.843713495936617930e-01 8.414235091318944537e-02 9.882026170864821601e-02 4.542371929953227250e-01 1.923819859320807790e-01 4.572465047073868138e-01
1.000000000000000000e+00 -9.999999999999999673e+98 1.318316754088572074e-01 6.772182944821203421e-01 2.178493128996524808e-01 3.228079182322709517e-01 3.685915665362807792e-01 3.556463596430140539e-01
1.000000000000000000e+00 -9.999999999999999673e+98 7.098489607382492128e-01 3.704247632094865850e-01 9.764284161311160837e-01 3.340271870046380709e-01 8.995115922936025576e-02 2.812152678551316232e-02
1.000000000000000000e+00 -9.999999999999999673e+98 9.916299471196829973e-01 3.253817598964553470e-01 6.652556460758359824e-01 6.378431677256839460e-01 8.118411413166323198e-01 5.457061693182962969e-02
1.000000000000000000e+00 -9.999999999999999673e+98 1.475718873616352900e-01 3.484711142429210984e-01 8.685196482446465582e-01 4.479451437700951999e-01 1.491364222441363685e-01 5.896475581802480548e-01
1.000000000000000000e+00 -9.999999999999999673e+98 4.444234657448152825e-01 1.147922868309747546e-02 3.266492804388523297e-01 7.891905775694705305e-01 8.854613955817225435e-01 2.613047906291444678e-01
1.000000000000000000e+00 -9.999999999999999673e+98 2.494946961340567260e-01 4.328626603536722683e-01 4.841343988055604175e-01 6.812997033086388710e-01 7.530478066584413988e-01 4.947249533568137680e-01
1.000000000000000000e+00 -9.999999999999999673e+98 6.093332404789886247e-02 1.058153615346703047e-01 8.344435731780615040e-01 8.207617655389243261e-03 4.560354419593398712e-01 3.942010435454766926e-01
1.000000000000000000e+00 -9.999999999999999673e+98 3.124881230222352757e-01 7.709876907640245136e-02 2.709848274033447302e-01 3.285916907728810843e-01 2.744050841054380685e-01 4.237297482940980409e-01
1.000000000000000000e+00 -9.999999999999999673e+98 4.293315724328504723e-01 9.345448148784798459e-01 9.355452786864077996e-01 2.188935936924260028e-01 6.272073713626262759e-01 1.329938545618132295e-01
1.000000000000000000e+00 -9.999999999999999673e+98 9.566371266380561122e-01 8.702313506219826467e-01 8.045434042293756471e-01 9.609994106960474403e-01 7.182483039091931420e-01 6.924034750820656781e-01
1.000000000000000000e+00 -9.999999999999999673e+98 8.031680629275838035e-01 7.191811874906627322e-01 7.282537846351347932e-01 4.668774049512035562e-01 3.078827771896741616e-01 4.305328328881108391e-02
1.000000000000000000e+00 -9.999999999999999673e+98 2.226863468469488794e-01 9.038078801290311270e-01 3.502271301829393835e-01 8.497294936192547610e-01 1.910762010936014610e-01 3.760348086132071499e-01
1.000000000000000000e+00 -9.999999999999999673e+98 1.726255383876856841e-01 7.073577200596400383e-01 2.088117631447917733e-01 7.368432269961237013e-01 4.383677556251900365e-01 8.380328502538870739e-01
1.000000000000000000e+00 -9.999999999999999673e+98 4.928096212004927645e-01 9.159738785745163980e-02 2.442978202242241936e-01 7.400372518259503707e-01 4.534104101411454701e-01 2.058638778303296668e-01
1.000000000000000000e+00 -9.999999999999999673e+98 2.709424442076928674e-01 5.542565496096312216e-01 5.969423341970986341e-01 5.323054031586873514e-01 7.767027118619668213e-01 1.407950853228058241e-01
1.000000000000000000e+00 -9.999999999999999673e+98 9.136496967398211044e-01 1.973713855439450660e-01 4.273066958952853600e-02 6.497321586259280357e-01 2.069231987298736364e-01 2.225114311137388334e-02
1.000000000000000000e+00 -9.999999999999999673e+98 4.581956737353221065e-02 6.760151268357736942e-01 9.516111049555771029e-01 8.607581131232507898e-01 3.130232233829389754e-01 7.457767788567490896e-01
1.000000000000000000e+00 -9.999999999999999673e+98 3.345056688762245711e-01 7.433360103054608148e-01 1.083985038292872849e-01 4.056561597816688014e-01 6.220034421863041008e-02 7.696636359377796444e-01
1.000000000000000000e+00 -9.999999999999999673e+98 8.884265207485211313e-01 5.368537691366127573e-01 4.994955786627320871e-01 1.259671130957676910e-01 1.717675794137807355e-02 7.249998679481635122e-01
1.000000000000000000e+00 -9.999999999999999673e+98 1.377884019462594090e-03 9.609546705532598931e-01 8.060470107107864379e-02 3.789174174726511746e-01 1.293260027080234131e-02 8.633851619910670738e-01
1.000000000000000000e+00 -9.999999999999999673e+98 9.133579475864511688e-01 2.562914543264414036e-01 7.241718624111004310e-01 6.172734148818856958e-01 1.864584885974904793e-01 5.651271275607576694e-01
1.000000000000000000e+00 -9.999999999999999673e+98 6.067697969958798510e-01 1.878606834250828861e-02 6.902293227314559854e-02 5.229523736161195702e-01 1.530983635512570551e-01 9.049862213640414987e-01
1.000000000000000000e+00 -9.999999999999999673e+98 7.082705432863397599e-01 3.925189083796997158e-01 6.331404372115921886e-01 5.638614145697266045e-01 5.294079441037187195e-01 7.615114750761570184e-01
1.000000000000000000e+00 -9.999999999999999673e+98 1.032773476246156008e-01 4.453348898429275726e-01 3.317462618019857423e-01 2.473282638064444594e-02 4.053704778753006721e-01 1.755552991808640995e-01
1.000000000000000000e+00 -9.999999999999999673e+98 4.407088188424901354e-01 9.340572827021412783e-01 5.529620421874380520e-01 8.555396624960917018e-01 2.863887674961087537e-01 8.371492274792344812e-01
1.000000000000000000e+00 -9.999999999999999673e+98 5.157496338412297376e-01 2.966354603913222698e-01 7.525651526899007626e-01 4.597463404312749358e-01 4.479504552443011045e-01 4.727519818896763759e-01
1.000000000000000000e+00 -9.999999999999999673e+98 4.821147611338818528e-01 4.965906760578564505e-02 2.293474676029809700e-01 5.230515579191252762e-01 9.989898329823878598e-01 8.481002587331313292e-01
1.000000000000000000e+00 -9.999999999999999673e+98 7.960858371427587121e-01 7.131924221523799901e-01 9.713212054983169086e-01 6.770008165422471968e-01 3.355650935506360177e-02 6.882789389146243275e-01
1.000000000000000000e+00 -9.999999999999999673e+98 6.828712566978738518e-01 6.350268046897121765e-01 1.843208976818919709e-01 7.085798486305763255e-01 3.995756715610284671e-01 1.440829425244801731e-01
1.000000000000000000e+00 -9.999999999999999673e+98 6.318643635513365719e-02 6.721791340192930786e-01 5.077194114530177993e-01 6.081820462908483771e-01 1.575279977642730644e-01 3.463082596343555197e-01
1.000000000000000000e+00 -9.999999999999999673e+98 1.499156284824686436e-01 6.490481344264413810e-01 3.821466287671918538e-01 1.002629352462007795e-01 3.140790706938819676e-01 3.044509026107355965e-02
1.000000000000000000e+00 -9.999999999999999673e+98 5.300590767910011714e-01 9.100640016184723402e-01 7.984051851646267739e-01 6.927877712158607704e-01 4.630410361344559078e-01 6.739225091709128979e-01
1.000000000000000000e+00 -9.999999999999999673e+98 6.918665577795524158e-03 6.851762119638882265e-02 8.097153083749627500e-01 5.767032716062512332e-01 4.742348743785350651e-01 4.488038509934378917e-01
1.000000000000000000e+00 -9.999999999999999673e+98 9.145209461415854113e-01 6.944310907116856280e-01 6.304257987404512376e-01 6.504201313045621102e-02 4.377053782124382675e-01 8.505210268948831809e-01
1.000000000000000000e+00 -9.999999999999999673e+98 7.747183905282761796e-01 2.511760693897370222e-01 9.256858039770162749e-01 6.431568131168959868e-01 4.134167925195054716e-01 4.705025150588435512e-01
1.000000000000000000e+00 -9.999999999999999673e+98 1.336526603802863367e-01 3.890866927883651627e-03 3.095682584720297337e-01 6.149659176205110045e-01 7.721169606907185567e-02 1.609091291497721787e-02
1.000000000000000000e+00 -9.999999999999999673e+98 3.403723254921352526e-01 8.723718199398000639e-02 9.146087310332868814e-01 2.811942413561643317e-01 8.170874136081601735e-01 8.490306516826032768e-01
1.000000000000000000e+00 -9.999999999999999673e+98 7.037683857330517823e-01 5.014092591009240429e-01 8.245026681170227745e-01 7.486024237617755483e-01 3.041988803025773569e-01 9.456406778870888319e-01
1.000000000000000000e+00 -9.999999999999999673e+98 7.972541940709966246e-01 6.296883892998306198e-02 7.322831746019091703e-01 6.154818914897721704e-01 7.162114133142658545e-01 7.222752462876984580e-01
1.000000000000000000e+00 -9.999999999999999673e+98 8.022617766775930193e-03 6.443188099121286427e-01 2.388453108254739998e-01 2.937461480149839987e-01 1.781184953313197372e-02 8.470140794502001302e-02
1.000000000000000000e+00 -9.999999999999999673e+98 8.932476303271769114e-01 3.398636834108215155e-01 3.573640555543111663e-02 5.720789318606079865e-01 9.246671807993274150e-01 5.598133803677068920e-01
1.000000000000000000e+00 -9.999999999999999673e+98 7.915550025787991828e-01 2.196946028419002328e-01 1.933217072206770970e-01 4.692261713913304932e-01 2.116752952581758551e-01 1.866605378439349927e-01
1.000000000000000000e+00 -9.999999999999999673e+98 3.021609515693981507e-01 5.568429280379437740e-01 7.675638439265582980e-01 6.084281250397586271e-01 5.888866802430303693e-02 9.889716622003812407e-01
1.000000000000000000e+00 -9.999999999999999673e+98 4.042733756829955949e-01 2.486457787322555735e-01 7.080509186330015137e-01 2.797475676638437880e-01 8.657855838773969026e-01 6.178792858844406322e-02
1.000000000000000000e+00 -9.999999999999999673e+98 3.502532883634177363e-01 6.122673740193690373e-01 6.514944763631345115e-01 1.314121698689038054e-01 2.792368816108417029e-01 9.947458961343724759e-01
1.000000000000000000e+00 -9.999999999999999673e+98 5.030667071450924954e-01 1.227651242121251540e-01 9.262251323131370784e-01 2.647547780531034345e-01 9.052465015323227782e-01 3.477712829339262290e-01
1.000000000000000000e+00 -9.999999999999999673e+98 9.147188684792390001e-01 1.391592905726524165e-01 2.162184083646679911e-01 4.711240646612697702e-01 4.884957381693582068e-01 2.148121933643797332e-01
1.000000000000000000e+00 -9.999999999999999673e+98 6.986238596030880377e-01 8.883407807580121496e-01 8.229775640784778856e-01 2.622884644707098589e-01 5.429465362493801628e-02 3.783937843391467215e-01
1.000000000000000000e+00 -9.999999999999999673e+98 1.753045140756376297e-01 1.900248661880333811e-01 5.282981158078992046e-01 9.418921211876152277e-02 1.786890993577406883e-01 1.315741872040082638e-01
1.000000000000000000e+00 -9.999999999999999673e+98 5.550568279606834521e-01 1.966794694095871376e-01 7.660844991878712484e-01 4.351949279944185012e-01 3.224777905409893508e-01 6.181059295724378178e-02
1.000000000000000000e+00 -9.999999999999999673e+98 2.107013202575918065e-01 9.162279967958282256e-01 9.991532505410360976e-01 5.622208469494701655e-01 5.669490431485743054e-01 9.391145869382828693e-01
1.000000000000000000e+00 -9.999999999999999673e+98 6.925995634600002893e-01 7.534618732706732658e-02 3.642813819638581752e-01 1.753157374427664061e-01 3.689168422441058137e-02 7.000701852130950531e-01
1.000000000000000000e+00 -9.999999999999999673e+98 5.205407750782067300e-01 3.935282914074336169e-01 2.494921819574911215e-01 2.743774395077889228e-01 7.494492857100542027e-01 7.212168677994427179e-01
1.000000000000000000e+00 -9.999999999999999673e+98 8.158663420845698733e-01 1.110565175853177600e-01 9.394653606153491321e-01 6.106989354489535948e-01 8.707663939287403343e-01 5.023692016149261530e-02
1.000000000000000000e+00 -9.999999999999999673e+98 5.984805221446272139e-01 2.317996681987672947e-01 2.896122846265869466e-01 2.302745506068408776e-01 4.421336199266469036e-01 6.341382989649879676e-01
1.000000000000000000e+00 -9.999999999999999673e+98 6.134943064853363159e-01 5.430430177542866499e-01 2.897941667955856726e-01 3.876775805127952168e-02 8.689107560304609734e-01 4.433712908641931350e-01
1.000000000000000000e+00 -9.999999999999999673e+98 4.111877957787046789e-01 9.211862629194255137e-01 1.261294577476986811e-01 1.701741592706235151e-01 4.540691256650161156e-01 7.250485520029589237e-01
1.000000000000000000e+00 -9.999999999999999673e+98 8.910774920034379987e-01 5.129046861760121478e-01 5.156475778347024974e-01 8.261004459036728198e-01 8.388094066555282780e-01 4.913506295800461610e-01
1.000000000000000000e+00 -9.999999999999999673e+98 8.181693749417147110e-01 9.850178934630926531e-01 5.227316516327192852e-01 8.640364895712360216e-02 5.026037787060468887e-01 7.073330391389185401e-01
1.000000000000000000e+00 -9.999999999999999673e+98 3.426406431658415297e-01 8.958161556634841594e-01 7.092020111956137685e-01 2.746938259743627597e-01 1.226749719332725919e-01 2.979938100258653355e-01
1.000000000000000000e+00 -9.999999999999999673e+98 8.088416239046780642e-01 4.623115817552776452e-01 9.030453833335083669e-01 7.357049721601284231e-01 1.464265557422147479e-01 1.154959577288132699e-01
1.000000000000000000e+00 -9.999999999999999673e+98 3.610877374105662119e-01 5.418759391079475130e-01 2.506506240683382680e-01 7.804069190150915158e-01 1.104133423037575445e-01 3.885851148940978605e-01
1.000000000000000000e+00 -9.999999999999999673e+98 9.458832591161676628e-01 2.701238883291694481e-01 2.650011493892635572e-01 4.791527521527331190e-01 7.705842939421314597e-02 3.463245633310881866e-01
1.000000000000000000e+00 -9.999999999999999673e+98 6.623583900513685396e-02 7.808110026561509986e-02 7.259063313617242219e-01 1.525907780416185799e-01 8.340001783493317111e-01 6.768224817343913013e-01
1.000000000000000000e+00 -9.999999999999999673e+98 6.841271879643777698e-01 4.557353808274755558e-02 8.023030692017031340e-01 8.353123021647030910e-01 7.961743146368358559e-01 4.402680780617158618e-01
1.000000000000000000e+00 -9.999999999999999673e+98 3.028514805184057135e-02 9.528441812634774744e-01 3.668349201762416412e-01 1.676716942588423187e-01 7.479981240781131691e-01 4.030242145552154209e-02
1.000000000000000000e+00 -9.999999999999999673e+98 8.865260184567613777e-01 1.191799397148535222e-01 8.990710470719922576e-01 3.191810585660100896e-01 2.443024548535798202e-01 1.548962136920886135e-01
1.000000000000000000e+00 -9.999999999999999673e+98 4.634711091729737387e-02 6.265992322515895330e-01 1.877930250520649658e-01 8.263242988881487339e-01 4.481439228161829824e-01 3.371268295224425504e-01
1.000000000000000000e+00 -9.999999999999999673e+98 4.096871236456814946e-01 5.799155019282186130e-01 2.972519834510312098e-02 1.506788121934282687e-01 1.475225261698169810e-01 2.258685585291624331e-01
1.000000000000000000e+00 -9.999999999999999673e+98 6.246776968057421442e-04 3.874449868773066630e-01 8.158498371751486955e-01 1.680411789141992296e-01 5.047392443410340102e-01 7.007037245591296593e-01
1.000000000000000000e+00 -9.999999999999999673e+98 3.787297755208151040e-01 6.005158644544252855e-01 8.143607935160157574e-02 1.618368274860034761e-01 6.062181106029469468e-01 9.010090484430823832e-01
1.000000000000000000e+00 -9.999999999999999673e+98 3.043620134569149371e-01 6.800640515257794227e-01 7.494321738540066224e-02 2.520465379986446264e-01 6.190881670047634344e-01 8.555930002005588397e-01
1.000000000000000000e+00 -9.999999999999999673e+98 5.344440304235636985e-01 8.451037437204010905e-01 4.337649646432987227e-01 5.665142576100350436e-01 1.395762412557925991e-01 9.856664950009600412e-01
1.000000000000000000e+00 -9.999999999999999673e+98 8.394217325535979768e-02 3.354880417411186810e-01 5.469213902530101201e-01 9.516723606386033874e-01 9.581791069554685958e-01 3.365464153467518926e-01
1.000000000000000000e+00 -9.999999999999999673e+98 8.694512147787100131e-01 2.032852966285892959e-01 8.519636486866180025e-01 8.730933026760706595e-01 8.172898539673855156e-01 3.345814798555531988e-01
1.000000000000000000e+00 -9.999999999999999673e+98 5.659582509056163557e-01 2.105961797890411047e-01 3.179917515621824009e-01 2.443886103275672017e-01 4.266013541602919901e-02 1.980311048961184150e-01
1.000000000000000000e+00 -9.999999999999999673e+98 4.528076333023000055e-01 1.257256434417941549e-01 7.565523485774724444e-01 3.335389477060249908e-01 9.125822127570524245e-01 6.657426053615539407e-01
1.000000000000000000e+00 -9.999999999999999673e+98 9.652451435942349667e-01 3.781420489133952012e-01 3.734762265546242022e-01 8.599020412024771520e-01 4.573092938690150877e-01 6.654822499413000081e-01
1.000000000000000000e+00 -9.999999999999999673e+98 2.691556811540068983e-01 5.298922790550202322e-01 6.189289771127288731e-01 7.721456179766810202e-01 4.537353629304498037e-01 2.427361960145630881e-01
1.000000000000000000e+00 -9.999999999999999673e+98 8.106488702203534791e-01 4.003763209961964664e-01 3.504575479670104521e-01 1.129492898187876015e-01 2.472916918133785114e-01 7.708595916409552995e-01
1.000000000000000000e+00 -9.999999999999999673e+98 3.003918250750982066e-01 1.956797050603138466e-01 1.968007167300933613e-01 9.564466263089251852e-01 3.451120227937432006e-02 4.965721039866128894e-01
1.000000000000000000e+00 -9.999999999999999673e+98 5.340925588448783845e-01 8.331558614813647790e-01 3.536009883684331223e-01 8.602451022648818224e-01 6.868020533962968521e-01 3.993641981549163056e-01
1.000000000000000000e+00 -9.999999999999999673e+98 1.026274668610628327e-01 4.741992454035958149e-01 5.417898136610782567e-01 5.499778054844762787e-01 8.074519935072940191e-01 8.245974000981249885e-01
1.000000000000000000e+00 -9.999999999999999673e+98 1.533297929824281036e-01 1.177517472398449394e-01 1.966937268232048508e-01 2.837750702747177112e-02 1.623836424211815288e-01 1.808418798637203562e-01
1.000000000000000000e+00 -9.999999999999999673e+98 1.476660611095482745e-01 9.496331863250065952e-01 5.407861727401661600e-01 6.953012971707384082e-01 6.890334262536186305e-01 9.636978850425014231e-01
1.000000000000000000e+00 -9.999999999999999673e+98 5.146930696348973600e-01 8.008515842187929890e-01 5.816160936136598458e-01 6.527254389850827287e-01 6.799855707110648018e-01 9.152917686185008117e-01
1.000000000000000000e+00 -9.999999999999999673e+98 2.055795190201721301e-01 6.875590188120065394e-01 7.821865515157579996e-01 3.898772526379621350e-01 3.464230847055560503e-01 7.084685869480862319e-01
1.000000000000000000e+00 -9.999999999999999673e+98 6.893552381464592704e-01 8.529596088163776679e-01 7.127347176858007671e-01 4.288757592326777335e-01 4.561729732752870525e-01 1.171157669367653975e-01
1.000000000000000000e+00 -9.999999999999999673e+98 9.683507486522614505e-01 1.629254438761851276e-01 5.415479912099319115e-02 2.162063595609464706e-01 5.407223098362258229e-01 9.022980824057125204e-02
1.000000000000000000e+00 -9.999999999999999673e+98 8.831091952050285077e-02 4.268161952644281554e-01 3.244306310415007166e-01 4.394480709724307710e-01 3.717505726618908213e-01 4.838832090283362586e-01
1.000000000000000000e+00 -9.999999999999999673e+98 6.088181552697202736e-01 2.942755871903185438e-01 8.183080749444382462e-02 3.707206276512151621e-01 9.619406394812329841e-01 6.731601966251712366e-01
1.000000000000000000e+00 -9.999999999999999673e+98 8.337382614274095882e-01 8.345767905991940960e-01 5.683491110725412687e-01 4.260493464429386812e-01 1.077987591213640517e-01 4.450064868595410283e-01
1.000000000000000000e+00 -9.999999999999999673e+98 8.061803254470887303e-01 3.725676821653278736e-01 9.307337226119138940e-01 7.731031166527341236e-01 3.817916911312302375e-02 8.932501219066367737e-01
1.000000000000000000e+00 -9.999999999999999673e+98 7.290491998893394721e-01 6.367100487721549795e-01 7.089904538558555736e-02 9.737611275664550536e-01 5.406410056547374943e-01 5.497046437953126974e-01
1.000000000000000000e+00 -9.999999999999999673e+98 8.612619256911777654e-01 4.362768120281537154e-01 5.165370727480064206e-01 5.162860797856571038e-01 4.537904634966544171e-01 8.980327491448270028e-01
1.000000000000000000e+00 -9.999999999999999673e+98 8.107818288100532289e-01 2.110540130219361599e-01 6.019755668446608032e-01 7.795666783050695381e-01 7.030386236847898651e-01 1.195038447274223703e-01
1.000000000000000000e+00 -9.999999999999999673e+98 9.612892044679209880e-01 7.876305114298093324e-01 9.915973394375199312e-01 3.957989520150764218e-01 3.930565808659981508e-01 7.970002601900884054e-01
1.000000000000000000e+00 -9.999999999999999673e+98 6.861862855394121885e-01 5.450236616722414773e-01 7.594275832544548077e-01 9.013842884267303512e-01 1.466284609289147944e-02 6.756891280787107323e-01
1.000000000000000000e+00 -9.999999999999999673e+98 5.961378989298405928e-01 3.024230045074390860e-01 4.759120204419317046e-01 3.439759221991001148e-01 6.913468648360476809e-01 3.693664292612763855e-02
1.000000000000000000e+00 -9.999999999999999673e+98 2.333491143655695987e-01 7.218005601074573008e-01 2.925745287883763091e-02 3.658362367403403814e-01 9.780563436490109508e-01 3.995169489753553904e-01
1.000000000000000000e+00 -9.999999999999999673e+98 9.936117200420666595e-01 4.517348939917920081e-02 7.462299678354996635e-01 4.089386213634275125e-01 2.890134734544830275e-01 8.301024110080845730e-01
1.000000000000000000e+00 -9.999999999999999673e+98 5.380336558934399882e-01 2.328948220823479076e-02 8.429483744979561211e-01 9.911093440827840606e-01 3.270396859176820659e-01 7.538421858038008017e-01
1.000000000000000000e+00 -9.999999999999999673e+98 2.527570032903572184e-01 8.106072986373771272e-01 4.462224675020008968e-01 4.490933234924250339e-01 6.195385468243663762e-01 4.456312688022745494e-01
1.000000000000000000e+00 -9.999999999999999673e+98 5.703401491617262620e-01 6.235432453312607093e-01 9.945953237592886076e-02 3.812794154528102997e-01 5.716652816064240472e-01 5.710103485364473874e-01
1.000000000000000000e+00 -9.999999999999999673e+98 6.791903203877085460e-01 8.245724315658129466e-01 7.122616918993357471e-01 5.061109487380567318e-01 8.109758464030493164e-01 9.785761645617583326e-01
1.000000000000000000e+00 -9.999999999999999673e+98 2.898204708742228020e-01 8.055002802868034273e-01 5.305350216559290288e-02 6.861607330352346157e-01 4.586986314417482724e-01 4.970666999882563664e-01
1.000000000000000000e+00 -9.999999999999999673e+98 2.280332137251624980e-01 3.164420518854409448e-01 8.036905181403678489e-01 2.314105636463261728e-01 7.656549850223310916e-01 4.347909133170350104e-01
1.000000000000000000e+00 -9.999999999999999673e+98 8.596594413315652439e-01 4.137416596158312032e-01 9.999608454747290764e-01 7.612568811392058654e-01 8.287477962102595130e-01 3.064285512594270289e-01
1.000000000000000000e+00 -9.999999999999999673e+98 1.043296368228180393e-01 7.419407866804685892e-01 8.757832007207723146e-01 8.958052812643292340e-01 2.439019124043870779e-01 4.213499723630834692e-01
1.000000000000000000e+00 -9.999999999999999673e+98 8.686608010107899069e-02 3.082489127661097728e-01 2.079877362432054344e-01 2.231263965882801514e-04 4.010245041243567510e-01 2.421066417432694573e-01
1.000000000000000000e+00 -9.999999999999999673e+98 5.680850181962342482e-01 9.483994299380760218e-02 7.259089147447297385e-01 2.794020146871863952e-01 2.851581295257973325e-01 5.371906779856917558e-01
1.000000000000000000e+00 -9.999999999999999673e+98 4.246123560806989161e-01 5.570198173571339062e-02 4.010218259588551604e-01 5.810805562084973008e-01 4.948207516625894309e-01 4.195188782824224027e-01
1.000000000000000000e+00 -9.999999999999999673e+98 8.096490477228872606e-01 9.320586995902790939e-02 7.273028359921861474e-01 4.862664447629949649e-01 7.852246942962370913e-01 1.357081779316079428e-01
1.000000000000000000e+00 -9.999999999999999673e+98 5.758300526700002031e-01 9.887690461875112691e-01 5.145007256396061379e-02 5.380851419332808305e-01 7.502001971565080973e-01 4.033658168074761852e-01
1.000000000000000000e+00 -9.999999999999999673e+98 5.357931345075146456e-01 5.459103582453675996e-01 1.912537336619621886e-01 6.275012056926143611e-01 4.389275778155841135e-01 9.775146740468323436e-01
1.000000000000000000e+00 -9.999999999999999673e+98 2.442138801623988664e-01 6.010600177271085975e-01 1.236435234510857573e-01 3.414335693386337800e-01 1.215905973685158514e-01 4.982786542277245490e-01
1.000000000000000000e+00 -9.999999999999999673e+98 4.703837239817187932e-02 4.040907408082344832e-01 1.129195922217350878e-01 3.481261937371604720e-02 7.197395906426040657e-01 5.515682058304796076e-01
1.000000000000000000e+00 -9.999999999999999673e+98 3.107746774887115704e-01 4.171491068531945068e-01 7.533503933309537715e-03 6.309560045707319764e-01 9.697157207251628774e-01 9.972469953590489267e-01
1.000000000000000000e+00 -9.999999999999999673e+98 5.454260654988021262e-01 2.101175438130521433e-01 3.412570700529463652e-01 1.619758060184384174e-02 4.976587517734334387e-01 8.817166017127796573e-01
1.000000000000000000e+00 -9.999999999999999673e+98 8.082024977158117629e-01 7.887675524785567882e-01 2.335624980315157417e-01 8.242025856274812767e-01 7.288580521086829300e-03 9.840243335005804948e-01
1.000000000000000000e+00 -9.999999999999999673e+98 8.548722849484338138e-01 5.344219010702888628e-02 1.114160632235272619e-01 3.789309480790914453e-01 6.347696889603156034e-01 3.190323603878311154e-01
1.000000000000000000e+00 -9.999999999999999673e+98 8.414387524352130443e-01 9.161705161193973712e-01 7.839140103300471507e-01 1.157029200443108197e-01 9.347295838144979996e-01 5.420413684255976916e-01
1.000000000000000000e+00 -9.999999999999999673e+98 6.420169824698357397e-01 2.182332606244087314e-01 8.326464942779377987e-01 7.628747955012684656e-01 4.149812493168281158e-01 5.993762153890705990e-01
1.000000000000000000e+00 -9.999999999999999673e+98 1.614399821873326868e-01 6.262167083774176080e-01 3.709462936244442011e-01 7.105886289137364198e-01 4.276472096174626092e-01 3.643908958174268964e-01
1.000000000000000000e+00 -9.999999999999999673e+98 9.711576175307126135e-01 5.538311031301903498e-01 2.642936825909931731e-01 4.626087883002689694e-01 7.786670735172785962e-01 9.239274392876740682e-01
1.000000000000000000e+00 -9.999999999999999673e+98 9.207163588679112554e-01 9.543845330008841055e-01 9.369810211025908497e-02 2.378090103123930987e-02 2.644925875187529307e-01 2.810163926727600181e-01
1.000000000000000000e+00 -9.999999999999999673e+98 8.866358808397239999e-01 3.363737733265427243e-01 4.443337561456881524e-01 5.343904713771621129e-01 2.262660133785165950e-01 9.521018247489008157e-01
1.000000000000000000e+00 -9.999999999999999673e+98 4.812546027774059487e-01 7.774132434198484098e-01 2.935350123915306808e-01 2.785495530334297642e-01 2.094239145680381053e-01 9.279066194847147564e-01
1.000000000000000000e+00 -9.999999999999999673e+98 7.792713572296900981e-01 1.326436850547705326e-01 5.861825167705315698e-01 6.423312282712410060e-01 2.258654662507527666e-01 1.905211191289627459e-01
1.000000000000000000e+00 -9.999999999999999673e+98 6.238786580474133814e-01 6.879359872169664714e-01 4.771605378602760128e-01 3.215386937570868797e-01 6.172380592382076259e-02 8.190899455226817727e-01
1.000000000000000000e+00 -9.999999999999999673e+98 5.048012996723305612e-02 9.319178989953370573e-01 2.962205763215052245e-01 8.425102338628620569e-01 6.073881047080142981e-01 9.984223498956479315e-02
1.000000000000000000e+00 -9.999999999999999673e+98 2.297628036107507432e-01 3.289651265483927167e-01 3.839410927795439132e-02 9.072826671810356736e-01 1.506854944522666440e-01 8.231906876510438620e-01
1.000000000000000000e+00 -9.999999999999999673e+98 1.033292944267606428e-01 9.979350076393805891e-01 2.562250715722049765e-01 2.212933441523308176e-01 2.384176544646267049e-01 7.330493417530826727e-01
1.000000000000000000e+00 -9.999999999999999673e+98 8.251945442817975040e-01 6.904320720253649402e-01 3.879484794996779229e-02 4.644636669339543555e-01 5.364725935764668163e-01 5.355974512331624915e-01
1.000000000000000000e+00 -9.999999999999999673e+98 3.089577935307712409e-01 1.608526678908974716e-01 3.334561304321542741e-01 2.247780368168729170e-01 4.578674174988893730e-01 9.277702165404561052e-01
1.000000000000000000e+00 -9.999999999999999673e+98 9.838755207641014522e-01 5.757922874327715546e-01 6.685587547730946767e-01 3.260583734073954076e-01 5.212584501736872156e-01 9.704817341908736905e-01
1.000000000000000000e+00 -9.999999999999999673e+98 8.313205162025627537e-01 8.661321186698257568e-01 1.483873801531832015e-01 8.160412688133129588e-01 4.835402867379556824e-01 1.031052809470786036e-01
1.000000000000000000e+00 -9.999999999999999673e+98 3.204208578095799620e-01 1.939943569216658892e-01 7.712661276453024461e-01 6.249794088233915357e-01 2.483907596225929382e-01 6.698402360397274213e-01
1.000000000000000000e+00 -9.999999999999999673e+98 5.098780297806443373e-01 8.022288800831689493e-01 4.003000197028102614e-01 6.831290573963942903e-01 5.663060307161148499e-01 3.013795870332760529e-01
1.000000000000000000e+00 -9.999999999999999673e+98 2.851779638334710487e-01 3.254356230893900026e-01 5.985424453107102138e-01 9.525551652393722257e-01 4.151691727288381317e-01 6.356156194568385320e-01
1.000000000000000000e+00 -9.999999999999999673e+98 9.079507776269561958e-01 8.051169800077685457e-01 7.024026615178592392e-01 6.180825767256739045e-01 4.849683721116805346e-01 7.058115473494169789e-01
1.000000000000000000e+00 -9.999999999999999673e+98 5.022104223287354730e-01 1.371784971983158741e-02 3.083728404468789597e-01 7.462281731342659263e-01 5.484019546350706875e-01 6.465272908186007195e-01
1.000000000000000000e+00 -9.999999999999999673e+98 6.366926178889017462e-01 9.763434858467434641e-01 4.262787513614929580e-01 9.033109904019757108e-01 4.349454699464572194e-01 1.382296489814888174e-01
1.000000000000000000e+00 -9.999999999999999673e+98 3.337548762981034089e-01 7.454016961708143096e-02 9.313097416218558688e-01 1.299150492948946134e-01 3.882112966446049640e-02 2.835140200407106903e-01
1.000000000000000000e+00 -9.999999999999999673e+98 9.561185542080252731e-02 8.814686675319441944e-01 4.363862028147433847e-01 9.722448989735048563e-01 9.675436011863426389e-01 1.359458358722679394e-01
1.000000000000000000e+00 -9.999999999999999673e+98 4.094672718503903353e-01 2.156629906296735344e-01 8.786943070425923263e-02 5.948715989747013211e-01 7.916652823945176110e-01 9.319248221545811672e-01
1.000000000000000000e+00 -9.999999999999999673e+98 3.435962690364350314e-01 4.554433957168266822e-01 5.262647075943822639e-01 1.451991349907414408e-01 7.083050022117799438e-01 3.942660842120873088e-01
1.000000000000000000e+00 -9.999999999999999673e+98 3.306493208016719754e-01 4.842884744137371245e-01 1.299917897442101067e-01 2.115913709043983904e-01 1.761928284954753510e-01 8.877378128291201209e-01
1.000000000000000000e+00 -9.999999999999999673e+98 6.838300824613349205e-01 2.989473767440694596e-01 2.471757882699735509e-01 8.948996024073058164e-01 4.055147200647076788e-01 5.728550944866757089e-01
1.000000000000000000e+00 -9.999999999999999673e+98 1.143457721448135622e-01 3.953911390954215621e-01 1.871424051411796352e-02 3.415382986920545427e-01 3.347930657848590119e-01 2.850114246694646081e-02
1.000000000000000000e+00 -9.999999999999999673e+98 2.575339026049731084e-01 7.147683344468893640e-01 7.553503280838652634e-01 6.838947744869395828e-01 6.260604598730601378e-02 7.792517784151248295e-01
1.000000000000000000e+00 -9.999999999999999673e+98 1.666494075501747663e-01 6.882747590568805141e-01 6.923969456478026308e-01 7.312136069248352799e-01 8.591021083867630415e-01 2.632202460046941805e-01
1.000000000000000000e+00 -9.999999999999999673e+98 5.879726197647002772e-01 8.609012893060787874e-01 4.900882615120623065e-01 5.593454821958485645e-01 2.684088938254023393e-01 1.006439639108279716e-01
1.000000000000000000e+00 -9.999999999999999673e+98 3.768428607556867371e-01 9.636802158912247673e-01 3.876623959001290753e-01 2.481648549120245573e-01 5.532865456923636849e-01 6.015381138819083651e-01
1.000000000000000000e+00 -9.999999999999999673e+98 3.940936835371117164e-01 4.373879384303770435e-01 4.490029473222256762e-01 3.909126404861744675e-01 3.415920134860721546e-01 2.061826840726783683e-01
1.000000000000000000e+00 -9.999999999999999673e+98 4.220058150626138094e-02 8.350364789373879715e-01 2.462680466220824593e-01 9.909485982866983456e-02 2.408718222904893125e-04 1.359898709499762770e-01
1.000000000000000000e+00 -9.999999999999999673e+98 1.276858671550689106e-01 5.565813177558686098e-01 2.617638534246989890e-01 1.844739583249450643e-01 4.780221774744691787e-01 6.617648160429869808e-01
1.000000000000000000e+00 -9.999999999999999673e+98 3.473066500359843767e-01 9.233264079182124107e-01 2.611688459062295742e-01 4.830184297409569893e-01 8.066538364582721554e-01 9.640986583123924980e-01
1.000000000000000000e+00 -9.999999999999999673e+98 4.154315420143573911e-01 7.339046522195513678e-01 9.802091244349414589e-01 9.791816610514031405e-01 3.522406351953054626e-01 5.575590625241622078e-01
1.000000000000000000e+00 -9.999999999999999673e+98 6.932118357522321084e-01 5.357270701366507737e-01 3.996201950585417384e-01 8.575386333301948660e-02 7.071776001615797114e-01 5.112429274026416559e-01
1.000000000000000000e+00 -9.999999999999999673e+98 7.653793830873426574e-01 4.981526539056310154e-01 5.426247003783980505e-01 5.036198538404779157e-02 5.671936519181155489e-01 9.442925297267631413e-01
1.000000000000000000e+00 -9.999999999999999673e+98 2.736577953405254782e-01 7.584631906173362470e-01 3.789903636937090869e-01 8.675955123086512843e-01 5.355390019456810480e-01 2.996348315751216074e-01
1.000000000000000000e+00 -9.999999999999999673e+98 8.703758375235428613e-01 1.291220951166929254e-01 9.531558983855363820e-01 9.061556819076963532e-01 8.041303928857785888e-01 1.674787027273677564e-01
1.000000000000000000e+00 -9.999999999999999673e+98 2.229375515307169264e-01 7.932695670602265547e-01 9.732508834661335317e-02 9.485931643388408885e-01 7.542931884407090282e-01 8.871089646188669020e-01
1.000000000000000000e+00 -9.999999999999999673e+98 9.684251930073772829e-01 9.596147625874231757e-01 8.220109981559226009e-01 8.224333414370272877e-01 8.949267757855269290e-01 3.918243440861531868e-01
1.000000000000000000e+00 -9.999999999999999673e+98 7.593578525512560962e-01 2.993583652120019867e-01 8.361373605920271457e-01 5.647607071414576518e-01 3.842113141582703673e-02 9.152996875860819337e-01
1.000000000000000000e+00 -9.999999999999999673e+98 6.498858114135082076e-01 9.485564980921495915e-01 1.341518599892153052e-01 7.302959439152925114e-01 1.543927656634960233e-01 2.735647023022209634e-01
1.000000000000000000e+00 -9.999999999999999673e+98 2.146714822179086601e-01 8.292333506799453025e-01 6.450394562725891845e-04 2.915367010620678601e-01 6.670394007181490448e-02 7.839749982024613040e-01
1.000000000000000000e+00 -9.999999999999999673e+98 4.531383825754687900e-01 1.600784276201649980e-01 4.833665081933545826e-01 7.685814791573737370e-01 2.494024186265126897e-01 1.830794381251040770e-01
1.000000000000000000e+00 -9.999999999999999673e+98 1.324229632554341229e-01 5.650466359971992869e-01 5.308659129314047265e-01 2.923456862125181077e-01 2.813146810908194739e-01 9.006940658266833211e-01
1.000000000000000000e+00 -9.999999999999999673e+98 8.641259917869973384e-01 1.019594091351830878e-01 8.930723871909729272e-02 7.515525517552404944e-01 7.938167268464568771e-01 9.023061360908135597e-02
1.000000000000000000e+00 -9.999999999999999673e+98 6.622098633630690845e-01 7.749644874870497135e-01 5.200323078149715617e-01 9.592925855016259939e-01 3.911233751568514716e-01 4.702760388868580943e-01
1.000000000000000000e+00 -9.999999999999999673e+98 5.972986556155113202e-02 4.967873713686481452e-01 2.765489551494075826e-01 7.506327753950192694e-01 1.664025811863285575e-01 4.183748409317369354e-01
1.000000000000000000e+00 -9.999999999999999673e+98 5.523903731131696304e-01 1.555925666802560059e-01 5.650602388075411930e-01 9.889001704989333064e-01 4.499792729853261397e-01 6.003786872626144522e-01
1.000000000000000000e+00 -9.999999999999999673e+98 3.360430262379817679e-01 7.148121084831073890e-01 3.866717644482488003e-01 7.206136300054555299e-02 3.282080278091414893e-01 4.644723884084142052e-01
1.000000000000000000e+00 -9.999999999999999673e+98 3.736601142099889028e-01 3.697092952882550243e-01 9.340687698470889755e-01 1.486609583093546627e-01 4.862225069522708720e-01 7.858980607157144416e-01
1.000000000000000000e+00 -9.999999999999999673e+98 2.307675758165020907e-01 7.373501488684319760e-02 5.917295303366565395e-02 1.849485409476938624e-01 8.937780733673218458e-01 9.196363253196064846e-01
1.000000000000000000e+00 -9.999999999999999673e+98 5.433496230605993071e-01 2.937802732008392148e-01 5.675782550513350788e-01 6.790463171339730097e-01 6.110615852226066735e-01 7.634689062516969438e-01
1.000000000000000000e+00 -9.999999999999999673e+98 3.430577013912130546e-01 1.690645353780807492e-01 9.247913906280191831e-01 8.911079331368534362e-01 8.659329150576815515e-01 8.442461617644647642e-02
1.000000000000000000e+00 -9.999999999999999673e+98 9.331366339085074291e-01 2.761212007977734695e-01 4.508088269207479737e-01 5.857688821502660126e-01 3.793090120468164406e-01 6.077584655574211903e-01
1.000000000000000000e+00 -9.999999999999999673e+98 6.074338448851641648e-01 9.626539071135712389e-01 4.258175857676935738e-01 2.558245813345071396e-01 8.886101404444033403e-01 7.850115018374523856e-01
1.000000000000000000e+00 -9.999999999999999673e+98 8.271218544820690965e-02 2.615955676786799744e-01 5.535936235429677055e-01 6.705029280388720148e-01 3.198062700784914947e-01 8.306374727012301173e-01
1.000000000000000000e+00 -9.999999999999999673e+98 7.244407536961057215e-01 2.072387366878027937e-01 7.049982287012174220e-01 6.049072652371104697e-01 3.442532207535649036e-01 1.746440912132217749e-01
1.000000000000000000e+00 -9.999999999999999673e+98 3.607511994640030251e-01 4.982436761009311210e-01 6.283735271595736194e-01 6.446864495879371937e-01 3.469672991960169872e-01 9.800611481893068966e-01
1.000000000000000000e+00 -9.999999999999999673e+98 7.666444463758470551e-01 6.946161218641666579e-04 5.008104387636256316e-01 2.335660395968839342e-01 4.352646878450096013e-01 7.730185193969880686e-01
1.000000000000000000e+00 -9.999999999999999673e+98 3.819640392370451387e-01 1.418276974009814451e-01 5.463443264792321452e-01 9.825363478757512814e-01 7.447201861472154683e-01 5.725989003062239568e-01
1.000000000000000000e+00 -9.999999999999999673e+98 4.358269049416849672e-01 8.732519056253380541e-01 5.913195826816319833e-02 8.041756115816646178e-01 8.168989576558288723e-01 2.686071683815954847e-01
1.000000000000000000e+00 -9.999999999999999673e+98 3.067082812277678316e-01 9.365305072223680805e-01 7.894480292182841641e-01 5.373871516385082536e-01 6.380208294365843358e-01 8.285616816500773751e-01
1.000000000000000000e+00 -9.999999999999999673e+98 5.605327973440188405e-01 6.865897961906308744e-01 9.869412419460570352e-01 1.357918180692141430e-02 4.892393079619538065e-01 2.216975548042883215e-01
1.000000000000000000e+00 -9.999999999999999673e+98 2.712791359631860910e-02 5.506580654542014841e-03 8.323060575604891431e-01 2.115868402687708372e-01 2.871149480307421120e-01 7.185651352422490756e-01
1.000000000000000000e+00 -9.999999999999999673e+98 1.092189019611236045e-01 1.408031147891284363e-01 6.467345156145259955e-01 5.688288826243121932e-01 5.994108465441732037e-01 1.940104604448029679e-01
1.000000000000000000e+00 -9.999999999999999673e+98 7.044799542097567313e-01 4.296025656354104383e-01 3.365555886677664699e-01 3.951945510810001005e-01 2.409862763009292808e-01 1.878265288984108938e-01
1.000000000000000000e+00 -9.999999999999999673e+98 2.778437825997648325e-02 5.779151629347825114e-01 6.958488812313957661e-01 3.013675386756100583e-01 4.009780440859286310e-01 7.272439180964397343e-01
1.000000000000000000e+00 -9.999999999999999673e+98 4.801203420019988233e-01 7.534009132638421757e-01 9.366468542475739900e-01 6.605172654788268316e-01 5.890065752593842685e-02 2.805730224600525569e-01
1.000000000000000000e+00 -9.999999999999999673e+98 9.424536080882006672e-06 4.223299428938508404e-01 4.527826920336550653e-01 7.281338244534697468e-01 1.140876951555801488e-01 9.235002005916665979e-01
1.000000000000000000e+00 -9.999999999999999673e+98 4.890138688183741644e-01 9.365629435351797705e-01 3.735190109454277207e-01 3.019107786821333406e-01 7.513323471510997553e-01 3.390351325237042079e-01
1.000000000000000000e+00 -9.999999999999999673e+98 5.328193984710413167e-01 6.633531568676906964e-01 8.702375953969710975e-01 6.080174609900046434e-01 6.787601330906632979e-01 3.195128122228839684e-01
1.000000000000000000e+00 -9.999999999999999673e+98 4.522799296144417447e-01 7.623508457765963975e-01 6.915897771834926822e-01 1.053835454065353838e-01 1.299039063970919283e-01 6.839194657769956942e-01
1.000000000000000000e+00 -9.999999999999999673e+98 7.769340760065160945e-01 4.505115136988484537e-01 3.022700403973981320e-01 3.769663902845975523e-01 5.452903877700707724e-01 4.774243806551017322e-01
1.000000000000000000e+00 -9.999999999999999673e+98 3.338928010767380217e-01 4.514011750038541271e-01 7.205276617515488091e-01 7.423951655221899815e-01 7.778444479030433012e-02 5.658101871475950118e-01
1.000000000000000000e+00 -9.999999999999999673e+98 4.255675039221041844e-01 9.667287848418670837e-01 9.262625355437550390e-01 4.057315148428949358e-01 9.349713252915327066e-01 6.632069437071151929e-01
1.000000000000000000e+00 -9.999999999999999673e+98 7.779023169253140857e-01 4.154194138270517200e-02 7.768559205481673224e-01 2.805415481557997914e-01 4.769959737783313614e-02 7.215116520861124538e-01
1.000000000000000000e+00 -9.999999999999999673e+98 1.698154404912400883e-01 6.463019630797319781e-01 5.399943143718883842e-01 9.358771809826025301e-01 2.639071964801980030e-01 2.596214328243268143e-01
1.000000000000000000e+00 -9.999999999999999673e+98 8.390412333787685695e-01 2.992233916443085562e-01 2.695281091578936028e-01 3.308640478820862318e-01 4.121751847663297497e-01 9.217373341382583130e-01
1.000000000000000000e+00 -9.999999999999999673e+98 7.456406006393034858e-01 3.119464534102754927e-01 8.092723367812032498e-01 8.303689688195392549e-02 1.625928964543007504e-01 8.677823088749945235e-01
1.000000000000000000e+00 -9.999999999999999673e+98 6.954791456480906575e-01 6.368890121622400313e-01 4.428810852361468875e-01 4.815356191772282024e-01 9.871393564129345988e-01 5.635220801135100155e-01
1.000000000000000000e+00 -9.999999999999999673e+98 8.908412101402412020e-01 4.604427119580067895e-02 8.595273546536981168e-01 4.115920700969047941e-01 7.994664439371863551e-01 4.958574059588820582e-01
1.000000000000000000e+00 -9.999999999999999673e+98 8.045858537737039518e-01 4.202116017788825042e-01 7.689966575853349751e-01 8.634332478567816604e-01 6.491935826592865055e-01 2.038716972879587308e-01
1.000000000000000000e+00 -9.999999999999999673e+98 1.166080604918561248e-01 9.763272674363797643e-01 2.283639313664791448e-01 8.750399953122355301e-01 6.496130747707133946e-01 4.249278180136004668e-01
1.000000000000000000e+00 -9.999999999999999673e+98 4.532535859056574523e-01 4.184355855464588769e-01 9.935639100668072210e-01 1.015767818264855515e-01 9.867567250830414638e-01 5.190901113909305309e-01
1.000000000000000000e+00 -9.999999999999999673e+98 6.149412960176099396e-01 4.634667186722859489e-01 5.209826514153231836e-01 8.112996073343514691e-01 4.307757959194419284e-01 7.811401185421174009e-01
1.000000000000000000e+00 -9.999999999999999673e+98 4.926006656757386803e-01 1.144546946317636094e-01 5.272519831331335949e-01 9.396989118642582461e-01 2.536105627175075927e-01 2.204844254759461553e-01
1.000000000000000000e+00 -9.999999999999999673e+98 9.275225256243398997e-01 3.955217859609172493e-01 2.195246508482341374e-01 6.380050943395281227e-01 5.194508320693838055e-01 6.138942767359406583e-01
1.000000000000000000e+00 -9.999999999999999673e+98 8.778140844344268778e-01 6.590604274604705548e-02 9.562069965530084481e-02 2.930627080812463481e-01 4.619074374451650478e-01 7.803608752028131645e-01
1.000000000000000000e+00 -9.999999999999999673e+98 5.994442987680388413e-01 3.005592765924199883e-01 6.442529932913945157e-01 3.095174625311882810e-01 7.655532169069462212e-01 3.497053168236400333e-01
1.000000000000000000e+00 -9.999999999999999673e+98 8.356935998522163622e-03 5.281041239112631569e-01 3.117890515318708644e-01 4.914480021179445934e-02 7.711072515738279787e-01 5.998167690653060102e-01
1.000000000000000000e+00 -9.999999999999999673e+98 4.897967637151235953e-01 4.447321760623322850e-01 3.906959951305292167e-01 6.798411619478763601e-01 3.445193925488292397e-01 3.963260225569564810e-02
1.000000000000000000e+00 -9.999999999999999673e+98 6.395485232446972423e-01 9.549868673945438591e-02 2.256082212063855730e-01 3.841572871815975843e-01 9.361734847604619159e-02 1.365250934960763329e-01
1.000000000000000000e+00 -9.999999999999999673e+98 5.144454287666400116e-02 6.693546338625868675e-01 4.004949460007628526e-01 8.427892100880830517e-01 1.652279241794248899e-01 7.886300132208197144e-01
1.000000000000000000e+00 -9.999999999999999673e+98 3.443781451752728762e-01 7.240078336391372327e-01 7.217071402599087859e-01 4.026488838774959778e-01 7.074422576947753116e-01 7.298928452354325191e-02
1.000000000000000000e+00 -9.999999999999999673e+98 5.954041432452187310e-01 1.193562265739372963e-01 5.316415085273233920e-01 4.711496350727084614e-01 7.490142251396162409e-01 1.863109772286798416e-01
1.000000000000000000e+00 -9.999999999999999673e+98 6.393291452221804283e-01 9.042547491934618265e-01 6.762838033664745341e-01 7.492591163852539982e-01 1.451428311585265529e-01 8.002559652118653721e-01
1.000000000000000000e+00 -9.999999999999999673e+98 2.049675531729137079e-01 9.151648386528946633e-01 2.528920996376236019e-01 2.919181906544927596e-01 8.032585216961038999e-01 2.038306066303422481e-01
1.000000000000000000e+00 -9.999999999999999673e+98 4.896387881452731738e-01 3.959146268181655826e-01 3.710988172888977088e-01 6.657410625383328728e-01 4.315249482236567236e-01 5.920149896822620716e-01
1.000000000000000000e+00 -9.999999999999999673e+98 9.112148667397252932e-01 5.911310416108069843e-01 6.439945693369610868e-01 7.330287868183321676e-01 2.116237982278496021e-01 4.853950358625548356e-01
1.000000000000000000e+00 -9.999999999999999673e+98 6.411724867119354965e-01 3.115212416268745566e-01 6.679323833975077118e-01 6.777271640814396259e-01 3.402501647080281577e-01 2.512686365281823209e-01
1.000000000000000000e+00 -9.999999999999999673e+98 3.040719656829913298e-01 9.708969991337185190e-01 6.738770192009517768e-01 5.335799289612208618e-02 3.581063156232252576e-01 8.256873883490534194e-01
1.000000000000000000e+00 -9.999999999999999673e+98 6.113910831760096531e-01 1.839061099414329714e-02 2.504504930948153740e-01 2.041220448427418788e-01 2.543901802134592716e-01 5.513545226162664958e-01
1.000000000000000000e+00 -9.999999999999999673e+98 3.820076772706708645e-01 4.870551772213619346e-01 1.677527481527230080e-01 4.100756084284933323e-01 1.396534694573681179e-03 1.874414777795940790e-02
1.000000000000000000e+00 -9.999999999999999673e+98 6.857439269809834093e-01 1.814454956734991020e-01 7.474625139756071457e-01 5.054774791206273488e-02 3.913587238273165125e-01 6.243548778558779544e-01
1.000000000000000000e+00 -9.999999999999999673e+98 3.899982913130988216e-01 9.742144442011745342e-01 2.821746417312598343e-02 1.162470330718008427e-01 5.413338295583612902e-01 5.187897582822443843e-01
1.000000000000000000e+00 -9.999999999999999673e+98 6.187528860034637868e-01 4.394369580963353172e-01 7.834809581547946822e-01 7.911726199888549083e-01 7.540109203427738382e-01 7.269045856189902954e-01
1.000000000000000000e+00 -9.999999999999999673e+98 9.283413697099399675e-01 6.077875297012778066e-01 2.380892823304340267e-01 3.353655854546817583e-01 6.693912573288569590e-01 4.149190805121492076e-01
1.000000000000000000e+00 -9.999999999999999673e+98 3.650749390468442934e-01 4.883529201715549606e-01 6.226573044222599718e-01 7.570847012053923963e-01 7.957196373807131629e-01 6.095543705355042086e-01
1.000000000000000000e+00 -9.999999999999999673e+98 3.978986138568979536e-01 6.602351792673550879e-01 3.392199630958548928e-01 7.836952870839132279e-01 4.590813647198320746e-01 2.490787930354386726e-01
1.000000000000000000e+00 -9.999999999999999673e+98 1.789938961865970013e-01 8.418329962268854549e-01 8.431503599029014362e-01 7.877237174014452004e-01 3.248978805881528320e-01 3.134916518591991386e-01
1.000000000000000000e+00 -9.999999999999999673e+98 1.248796724298895100e-01 9.366913840904972366e-01 1.691016399663467507e-01 7.529227529558393250e-01 9.702958993372844398e-01 3.121686455224362833e-01
1.000000000000000000e+00 -9.999999999999999673e+98 6.123267702031062187e-01 2.303235824918425934e-01 7.976425042650082675e-01 9.289973863575659019e-01 9.967847419379528562e-01 5.486667288161531930e-01
1.000000000000000000e+00 -9.999999999999999673e+98 2.899643703744857470e-01 5.016494158789559510e-01 2.426432067175225971e-01 2.385156750473330645e-01 4.033565416187386843e-01 4.652348679570450507e-02
1.000000000000000000e+00 -9.999999999999999673e+98 6.592953725193628767e-01 7.193522593339634064e-01 4.003435859148744003e-01 8.305849428253943012e-01 3.152898671263602015e-01 7.972518076430092915e-01
1.000000000000000000e+00 -9.999999999999999673e+98 9.731521581627733397e-01 5.314290727979709139e-01 5.437425079447103515e-01 7.074220838306176651e-01 2.607250154120803742e-01 5.315461520643003368e-01
1.000000000000000000e+00 -9.999999999999999673e+98 8.329833935658979005e-01 8.566334575691880726e-01 9.524119284222064552e-01 3.371574870161424542e-01 8.391426084349983272e-01 7.334184855178902396e-01
1.000000000000000000e+00 -9.999999999999999673e+98 2.764129811183863028e-01 4.706965468769667149e-01 5.761254145349958833e-01 5.158595149171421035e-01 2.534593170965093734e-02 8.931904336427014535e-01
1.000000000000000000e+00 -9.999999999999999673e+98 2.298797491354593880e-01 9.275257718873677337e-01 5.103528588276802225e-01 9.840364433500666808e-01 2.689245921944374285e-01 4.097756216972525678e-01
1.000000000000000000e+00 -9.999999999999999673e+98 3.000039887355526735e-01 6.349031234119754119e-01 8.395043216931830088e-01 5.308452143871486006e-01 2.236445322285660620e-01 8.989559201567141056e-01
1.000000000000000000e+00 -9.999999999999999673e+98 2.415641016317109369e-01 3.478425634579598302e-01 4.605319316582656697e-01 7.649772613252958653e-01 7.982781014103049744e-01 6.031058292201785243e-01
1.000000000000000000e+00 -9.999999999999999673e+98 9.412104015494160425e-01 4.505334696483304091e-01 6.272367292247201798e-01 5.268861002580060848e-03 5.520277914612785608e-01 8.269026456622007304e-01
1.000000000000000000e+00 -9.999999999999999673e+98 5.325126130605125629e-01 1.411988963566102040e-02 6.766172013831061038e-01 7.289315243239488096e-01 1.347866972416963405e-01 2.582808779562362211e-01
1.000000000000000000e+00 -9.999999999999999673e+98 8.039675321158745724e-02 6.600920193084121035e-01 7.495738107778876502e-01 1.825237564050397054e-01 2.855829263213653935e-01 8.846094894145977161e-01
1.000000000000000000e+00 -9.999999999999999673e+98 2.982412188121781327e-01 8.983589558024618338e-01 6.263610750300525609e-01 5.448117004344614767e-01 1.487086556467820397e-01 5.270824877314392864e-01
1.000000000000000000e+00 -9.999999999999999673e+98 3.127833518057799855e-01 2.153427457232881537e-02 3.932587375185158107e-01 5.501805957322670748e-01 5.365568564187854772e-01 4.811325991845484262e-01
1.000000000000000000e+00 -9.999999999999999673e+98 2.346567858236280335e-01 2.217308951638874426e-01 2.927988746337344406e-01 6.899496701630367657e-01 2.423345553617027859e-01 1.222473028551962493e-01
1.000000000000000000e+00 -9.999999999999999673e+98 7.244216713021950360e-01 4.292581740643213184e-01 1.531336144347210659e-01 8.332430128359359367e-01 1.754254940478636726e-01 8.498929562109980296e-02
1.000000000000000000e+00 -9.999999999999999673e+98 7.275051428512181451e-01 5.631760551833517869e-01 7.870499963089927498e-02 8.735079736233177794e-01 8.938278494981469757e-01 8.894435430356496530e-01
1.000000000000000000e+00 -9.999999999999999673e+98 9.100387207153810554e-01 5.898917270293008164e-01 5.580785539230319614e-01 6.137296467722801463e-01 2.355401902405834802e-01 7.048309632645963774e-01
1.000000000000000000e+00 -9.999999999999999673e+98 2.242354592220732190e-01 3.847940507412466182e-01 4.827781987890218396e-01 2.151451756489806133e-01 2.543909684776323177e-01 2.582241173169280701e-01
1.000000000000000000e+00 -9.999999999999999673e+98 1.984323180038755075e-01 2.890984556986436749e-01 5.904123020801420596e-01 5.188947884256903675e-01 7.432100894704004590e-01 7.560723950452719055e-01
1.000000000000000000e+00 -9.999999999999999673e+98 8.051980894499949359e-01 2.253771862786985158e-01 5.196100396184303305e-01 4.598967919257990200e-01 6.003771762366358899e-01 2.299010039576224740e-01
1.000000000000000000e+00 -9.999999999999999673e+98 2.912675131632654901e-01 9.218441302718205499e-03 1.210963623691083679e-01 8.689547448617390701e-01 1.326448939011618533e-01 3.520436468225639493e-01
1.000000000000000000e+00 -9.999999999999999673e+98 9.806867586812340054e-01 2.493100626594287883e-01 4.579432911749526935e-01 3.942254574156190960e-01 6.129803217507083790e-01 6.289621165676410053e-01
1.000000000000000000e+00 -9.999999999999999673e+98 8.869247219529818871e-02 3.276387618718401562e-03 3.945128093802434677e-01 4.378996257335565634e-02 9.698305707578727120e-01 8.572811973891599768e-01
1.000000000000000000e+00 -9.999999999999999673e+98 5.526085798756892320e-01 5.101354401146074302e-02 8.815203249434249155e-01 7.652543820745743020e-01 9.782035538630481364e-01 9.289713448438614574e-01
1.000000000000000000e+00 -9.999999999999999673e+98 7.700663706610247905e-01 5.055425428437680946e-01 2.879008046626514439e-01 3.872714178334023538e-01 9.016941416066245329e-01 5.449856763831696371e-01
1.000000000000000000e+00 -9.999999999999999673e+98 7.526465362394205716e-01 4.249880345821923644e-01 1.103060040045389378e-01 2.918440294699981008e-01 9.377892783236079222e-01 9.470046329757793035e-01
1.000000000000000000e+00 -9.999999999999999673e+98 2.119441816031538695e-01 6.507603156967259883e-01 8.333834608815497980e-01 9.263917084370183463e-01 6.042121435682911157e-01 2.974901271619498910e-01
1.000000000000000000e+00 -9.999999999999999673e+98 7.527529196388494936e-01 5.290087844048514398e-01 7.783449052344271202e-01 1.346920438140992715e-01 7.174353509290687381e-02 5.589449616861802417e-01
1.000000000000000000e+00 -9.999999999999999673e+98 6.057853795940938424e-01 4.858597397136525942e-01 7.432462817849980752e-01 5.484074791353645839e-01 7.118254714354003143e-01 5.356133340782354146e-01
1.000000000000000000e+00 -9.999999999999999673e+98 3.189625288234310130e-01 4.953780461206687136e-01 5.101779810321667163e-01 8.072646023172326268e-01 9.191705433870157593e-01 6.000389167227733189e-01
1.000000000000000000e+00 -9.999999999999999673e+98 4.955207079627295119e-01 5.722334896391112480e-01 9.055292689022773622e-01 1.592806175325340856e-01 1.957281274065280074e-01 1.011222043901569556e-01
1.000000000000000000e+00 -9.999999999999999673e+98 8.338813286491256749e-01 3.059091771630932932e-01 6.351755470600415343e-01 4.580663272165710342e-01 6.821234078541693613e-02 1.708619664950041805e-01
1.000000000000000000e+00 -9.999999999999999673e+98 5.834367523480621376e-01 1.878518861845884791e-01 3.288444342475294047e-01 4.045463120916829025e-01 7.386714416821178464e-01 2.693353241872035175e-01
1.000000000000000000e+00 -9.999999999999999673e+98 4.441460512974892971e-01 1.167834691398376146e-01 5.842490836100148188e-01 8.646114487626395118e-01 9.393221291557394270e-01 8.030820307289743276e-02
1.000000000000000000e+00 -9.999999999999999673e+98 1.989349441211661906e-01 8.368491271450562152e-03 3.328110756720147334e-01 6.774444935270600432e-01 4.024122597684898217e-01 1.700341380598362484e-01
1.000000000000000000e+00 -9.999999999999999673e+98 5.988793806472467729e-01 7.581450755591641055e-01 3.552169446646007422e-01 1.848259760847668076e-01 8.913985244202873304e-01 4.974024974290258694e-01
1.000000000000000000e+00 -9.999999999999999673e+98 6.749400342257720897e-01 1.916894835797809948e-01 9.743547991368561867e-03 2.591760296456954160e-01 5.573536292144430915e-01 7.966587272019327592e-01
1.000000000000000000e+00 -9.999999999999999673e+98 7.145431836064548570e-01 9.221646343089140441e-01 4.933988922463029558e-01 3.006037072730128878e-01 4.666647875244501753e-01 3.060122400696797529e-01
1.000000000000000000e+00 -9.999999999999999673e+98 3.779112256241634604e-02 8.839277904623166204e-01 7.998299832877396875e-01 4.501013482358334761e-01 6.461287404916550292e-01 2.456855422113138898e-01
1.000000000000000000e+00 -9.999999999999999673e+98 4.872460166387879710e-01 6.306219065387919098e-01 4.891034659181181521e-02 9.857064715565627688e-01 4.552662383550946101e-01 1.601399705482786651e-02
1.000000000000000000e+00 -9.999999999999999673e+98 5.949992642286227040e-01 5.905777920605460585e-01 6.607843112932658691e-01 1.690676238564976508e-01 7.208297008165732711e-01 9.569542224398919217e-01
1.000000000000000000e+00 -9.999999999999999673e+98 7.004826588109648311e-01 3.124836757232090090e-01 8.654736504590173629e-01 7.490012796717981924e-02 9.873107635548895589e-01 3.603584962997812280e-01
1.000000000000000000e+00 -9.999999999999999673e+98 2.986730589331960672e-01 2.983459242479250539e-01 5.581914853167212476e-01 5.045371590051628274e-01 6.700242242809875126e-01 4.987793976284117248e-01
1.000000000000000000e+00 -9.999999999999999673e+98 2.278652213133459670e-01 5.900512374387629766e-01 1.477477561016060648e-02 6.927437648543699478e-01 9.041108692186683449e-01 1.293022899680413840e-01
1.000000000000000000e+00 -9.999999999999999673e+98 7.223579735343960140e-01 7.404104003751149632e-01 8.578006931804216251e-03 3.900211560101649599e-01 8.318968797919634728e-02 5.547412358722350056e-01
1.000000000000000000e+00 -9.999999999999999673e+98 4.923833176720278093e-01 1.522099776868912624e-01 7.515111559579068512e-02 5.116802429703187771e-01 4.112871236971851197e-01 9.030785757665271696e-02
1.000000000000000000e+00 -9.999999999999999673e+98 4.376164177774429787e-01 8.744810797920665735e-02 4.583963355405763496e-01 1.492643936648729852e-02 6.604782363712375926e-01 8.400428437894339462e-01
1.000000000000000000e+00 -9.999999999999999673e+98 7.280480272118678986e-01 1.692373824121182757e-01 8.364119965689397196e-01 7.928275155285459119e-01 4.884080227970807320e-01 6.608342792896393370e-02
1.000000000000000000e+00 -9.999999999999999673e+98 6.951628282575373907e-01 9.838822324303310163e-01 3.509359085489581753e-01 3.625774064161161325e-01 6.635326460127024539e-01 4.276662450867860787e-01
1.000000000000000000e+00 -9.999999999999999673e+98 1.224722944352309995e-01 6.630316073353986761e-01 3.072504698044884464e-01 4.598300827965469129e-01 8.197161882480880069e-01 1.004681805887575052e-02
1.000000000000000000e+00 -9.999999999999999673e+98 5.918705905626995278e-01 4.311078966106597354e-01 3.943429762222852020e-01 3.158506855232235955e-01 6.302083884679647863e-01 8.266337200460774914e-01
1.000000000000000000e+00 -9.999999999999999673e+98 8.975998347900805419e-01 5.160694286511302575e-02 1.932994821007844033e-01 6.171020939895538460e-01 3.820936557695163716e-01 1.961987625107745048e-01
1.000000000000000000e+00 -9.999999999999999673e+98 1.709900157147149491e-01 9.821193034161594948e-01 9.174114046955863522e-01 1.341056788550597512e-01 9.518726164420304725e-01 4.414812337209498283e-01
1.000000000000000000e+00 -9.999999999999999673e+98 2.763176494455199528e-02 6.955244281599716194e-01 6.712412072764926130e-01 8.562916248666750940e-01 4.603319371436409568e-02 6.295935903241856035e-01
1.000000000000000000e+00 -9.999999999999999673e+98 5.925663825730854706e-01 4.365971178294208999e-01 3.887748498003652520e-01 9.003987777988963215e-01 1.419594585006953569e-01 8.624366115846319181e-01
1.000000000000000000e+00 -9.999999999999999673e+98 9.604963725065213120e-01 6.847897709076944395e-02 7.830016179818286570e-01 8.386407426806802290e-01 4.900897055676273206e-01 2.391901369685149881e-01
1.000000000000000000e+00 -9.999999999999999673e+98 7.647944115488668482e-01 6.661235168602182011e-01 3.397157741659909691e-01 8.367028819763623337e-01 2.380023395376883455e-01 9.265613085732142817e-01
1.000000000000000000e+00 -9.999999999999999673e+98 7.227773457756598852e-01 1.270927018694347765e-01 2.798124131926095215e-01 2.742686642933830354e-01 6.067768600182954497e-02 5.471966164612259709e-01
1.000000000000000000e+00 -9.999999999999999673e+98 7.118914484068639137e-01 7.888989762565949970e-01 2.785642474611282893e-01 6.294044551381168251e-01 2.148246402571890590e-01 1.523727711967870491e-01
1.000000000000000000e+00 -9.999999999999999673e+98 6.534776554933118264e-01 1.147362161270225611e-01 6.826279115849548385e-01 8.315053116327537630e-01 2.891440051649440957e-02 6.545656259759957685e-01
1.000000000000000000e+00 -9.999999999999999673e+98 5.827517461044141589e-01 5.778023321829529602e-01 5.661964660611226163e-01 8.910008880650929219e-01 5.347121764584248371e-01 4.408169462099031932e-01
1.000000000000000000e+00 -9.999999999999999673e+98 8.103518620352798685e-01 4.024714601077340470e-01 3.453074308021886196e-02 6.715597530056064413e-01 6.247639507777528189e-01 7.449408861955443273e-01
1.000000000000000000e+00 -9.999999999999999673e+98 4.216596839507791294e-02 9.596410098452345938e-01 5.084131136407867846e-01 8.111329859193794345e-02 2.379563504867713286e-01 7.197427191907339594e-01
1.000000000000000000e+00 -9.999999999999999673e+98 2.743462225066121141e-01 3.911070424676142965e-01 5.884780043724798793e-01 4.276096576517146586e-01 4.453094687953195185e-01 6.849595431859786254e-01
1.000000000000000000e+00 -9.999999999999999673e+98 9.963848274243507497e-01 9.164884408993079212e-02 6.003907742716951823e-01 6.577035701295586012e-02 8.761236277489246049e-01 2.757522660800230119e-01
1.000000000000000000e+00 -9.999999999999999673e+98 7.146882968308038153e-01 9.229609725465037773e-01 8.960448278304110614e-01 6.975523470394779935e-01 8.496896383350160953e-03 6.360048641177483697e-01
1.000000000000000000e+00 -9.999999999999999673e+98 4.797613206246887918e-01 9.320883816374404551e-01 8.445998507307238556e-01 4.729319791959023522e-01 8.319299403697013595e-01 2.599891295835969895e-01
1.000000000000000000e+00 -9.999999999999999673e+98 6.194662797071037730e-04 9.326292469311846522e-01 8.043458689672033923e-01 6.040857873125480282e-01 4.753023406443560583e-01 6.730239306239705899e-01
1.000000000000000000e+00 -9.999999999999999673e+98 5.970642624881355998e-01 1.225842896565713103e-01 8.074196550159411512e-01 2.329671140783340366e-01 9.294229924137488164e-01 4.923262586119406814e-01
1.000000000000000000e+00 -9.999999999999999673e+98 9.926530906351281880e-01 9.851059106094861573e-01 9.339153880023831622e-01 6.082376230736745715e-01 9.292193202040525124e-01 4.179112438130940799e-01
1.000000000000000000e+00 -9.999999999999999673e+98 2.519094921615938620e-01 4.109224823252176639e-01 6.573161497846735646e-01 6.714242561317687041e-01 1.831399410187359855e-01 1.005399963450775980e-01
1.000000000000000000e+00 -9.999999999999999673e+98 5.594661425956714007e-01 5.768758095626923543e-01 2.631487187049604826e-01 2.009059346975945459e-01 6.683274925757681784e-01 6.816539078280138275e-01
1.000000000000000000e+00 -9.999999999999999673e+98 9.252843017957774752e-01 7.368740171738683564e-01 2.134347027678334952e-01 5.614614673682378765e-01 5.403225621993227312e-01 5.360936848307740199e-02
1.000000000000000000e+00 -9.999999999999999673e+98 6.304663209014309544e-01 8.803578118623177629e-01 3.455537012971062749e-01 7.096267274436648398e-01 9.102684347868845727e-01 8.221101718388550417e-01
1.000000000000000000e+00 -9.999999999999999673e+98 1.839899298551711526e-01 2.072307137960582857e-02 8.974734849418098959e-01 7.677640232594459269e-01 1.899163994349650775e-02 6.488366557284830360e-02
1.000000000000000000e+00 -9.999999999999999673e+98 8.206291844794251222e-01 9.609962585324197670e-01 4.582175686478946464e-01 2.643825801659025476e-01 1.919950875950355851e-01 9.379232955820264728e-01
1.000000000000000000e+00 -9.999999999999999673e+98 3.436139155951817292e-01 9.667731279752732609e-01 7.237269643527103336e-01 2.529209405498367147e-02 5.939094021711286420e-01 4.771677681147166172e-01
1.000000000000000000e+00 -9.999999999999999673e+98 3.783900274666004426e-01 2.339149072866512080e-01 4.460798048577008235e-02 1.004709772412605284e-01 6.506149368844938996e-01 8.746116155355807553e-01
1.000000000000000000e+00 -9.999999999999999673e+98 1.135913743780805341e-01 6.859983504038463797e-01 3.130798769408615900e-01 4.432384793786078303e-01 4.328206632660736020e-01 4.143786461556937528e-01
1.000000000000000000e+00 -9.999999999999999673e+98 2.149148909263514096e-01 3.186180255723949362e-01 4.134358431311176973e-01 9.043503593054624812e-01 9.539718399897083589e-01 8.809926548748596709e-01
1.000000000000000000e+00 -9.999999999999999673e+98 8.925855169500984676e-02 6.528674889286483207e-01 4.625066975174759731e-01 9.190896937055451632e-01 2.534806433218720345e-01 3.620914403062518439e-01
1.000000000000000000e+00 -9.999999999999999673e+98 4.289714921424059302e-02 4.640634516922632624e-01 8.377115337032994269e-01 6.386262250375774885e-01 3.813353879047831629e-02 1.054006852798942129e-01
